0.245833
0.535417
0.256250
4.870833
0.260417
0.554167
0.256250
4.987500
0.235417
0.545833
0.252083
5.164583
0.422917
0.250000
0.050000
0.427083
4.512500
0.483333
0.275000
0.427083
5.135417
0.375000
0.343750
0.306250
4.916667
0.260417
0.493750
0.279167
4.768750
0.247917
0.054167
0.483333
0.266667
4.966667
0.252083
0.504167
0.291667
0.035417
5.318750
0.035417
0.116667
0.143750
0.616667
0.016667
4.812500
0.158333
0.160417
0.020833
0.652083
4.995833
0.158333
0.195833
0.027083
0.583333
5.006250
0.170833
0.491667
0.354167
4.879167
0.179167
0.460417
0.375000
4.968750
0.191667
0.464583
0.327083
5.406250
0.258333
0.300000
0.552083
4.570833
0.225000
0.254167
0.641667
4.952083
0.216667
0.212500
0.670833
5.170833
0.554167
0.181250
0.360417
4.489583
0.595833
0.166667
0.029167
0.383333
4.900000
0.554167
0.177083
0.027083
0.322917
0.029167
5.154167
0.370833
0.425000
0.339583
4.629167
0.385417
0.458333
0.260417
0.043750
4.772917
0.345833
0.468750
0.291667
0.033333
5.231250
0.241667
0.268750
0.620833
4.756250
0.258333
0.270833
0.550000
4.793750
0.252083
0.277083
0.575000
4.922917
0.639583
0.218750
0.358333
0.041667
4.525000
0.506250
0.208333
0.037500
0.452083
4.933333
0.579167
0.210417
0.350000
4.929167
0.358333
0.466667
0.200000
4.902083
0.352083
0.537500
0.214583
4.983333
0.350000
0.529167
0.222917
4.856250
0.204167
0.597917
0.227083
4.991667
0.222917
0.672917
0.183333
4.906250
0.218750
0.529167
0.189583
5.008333
0.183333
0.506250
0.500000
4.758333
0.218750
0.535417
0.379167
4.860417
0.208333
0.518750
0.495833
5.102083
0.170833
0.620833
0.402083
0.043750
4.683333
0.191667
0.225000
0.641667
4.360417
0.208333
0.360417
0.495833
5.250000
0.606250
0.258333
0.291667
4.772917
0.558333
0.235417
0.037500
0.233333
0.035417
5.133333
0.537500
0.252083
0.268750
0.031250
4.783333
0.366667
0.158333
0.537500
4.752083
0.031250
0.385417
0.029167
0.133333
0.504167
0.035417
5.247917
0.037500
0.391667
0.160417
0.022917
0.466667
0.045833
4.906250
0.637500
0.225000
0.170833
0.025000
4.766667
0.602083
0.285417
0.133333
0.020833
5.020833
0.485417
0.333333
0.135417
5.170833
0.512500
0.318750
0.043750
0.177083
0.027083
4.520833
0.518750
0.389583
0.185417
0.035417
5.060417
0.541667
0.433333
0.154167
0.022917
4.987500
0.327083
0.452083
0.287500
4.737500
0.343750
0.358333
0.372917
5.041667
0.327083
0.422917
0.316667
4.877083
0.266667
0.427083
0.366667
4.654167
0.233333
0.341667
0.510417
5.087500
0.216667
0.441667
0.514583
4.964583
0.243750
0.543750
0.304167
5.120833
0.218750
0.477083
0.360417
4.679167
0.187500
0.504167
0.306250
5.047917
0.175000
0.543750
0.352083
4.929167
0.181250
0.581250
0.312500
4.822917
0.183333
0.491667
0.431250
5.485417
0.310417
0.416667
0.410417
4.337500
0.322917
0.325000
0.566667
4.868750
0.337500
0.279167
0.500000
4.900000
0.202083
0.547917
0.579167
4.529167
0.200000
0.510417
0.525000
4.904167
0.200000
0.516667
0.622917
4.575000
0.587500
0.312500
0.316667
4.685417
0.516667
0.304167
0.297917
5.020833
0.591667
0.300000
0.318750
4.656250
0.510417
0.268750
0.514583
4.710417
0.497917
0.227083
0.362500
5.191667
0.450000
0.245833
0.487500
4.829167
0.210417
0.531250
0.189583
4.675000
0.200000
0.741667
0.210417
5.077083
0.204167
0.650000
0.189583
5.362500
0.400000
0.164583
0.543750
4.550000
0.443750
0.158333
0.570833
4.881250
0.414583
0.166667
0.479167
4.850000
0.287500
0.543750
0.285417
4.937500
0.287500
0.587500
0.275000
0.058333
4.866667
0.272917
0.591667
0.229167
0.035417
4.879167
0.712500
0.233333
0.214583
4.864583
0.658333
0.206250
0.200000
4.908333
0.685417
0.206250
0.210417
4.762500
0.556250
0.191667
0.329167
4.816667
0.535417
0.185417
0.425000
4.979167
0.545833
0.206250
0.406250
4.872917
0.304167
0.281250
0.500000
4.631250
0.262500
0.277083
0.508333
5.143750
0.314583
0.391667
0.568750
4.720833
0.320833
0.527083
0.191667
4.975000
0.364583
0.566667
0.233333
4.960417
0.427083
0.535417
0.272917
