0.166667
0.150000
0.541667
4.891667
0.187500
0.160417
0.400000
5.295833
0.170833
0.177083
0.529167
5.350000
0.214583
0.264583
0.629167
4.756250
0.212500
0.218750
0.660417
5.193750
0.227083
0.235417
0.635417
4.925000
0.552083
0.237500
0.227083
4.945833
0.514583
0.235417
0.495833
4.762500
0.487500
0.222917
0.437500
4.743750
0.156250
0.460417
0.556250
4.885417
0.166667
0.418750
0.508333
4.989583
0.158333
0.437500
0.522917
4.910417
0.404167
0.160417
0.516667
4.618750
0.379167
0.179167
0.518750
5.095833
0.379167
0.183333
0.510417
0.031250
4.964583
0.525000
0.410417
0.183333
4.579167
0.000000
0.004167
0.577083
0.429167
0.191667
4.870833
0.456250
0.439583
0.160417
4.964583
0.504167
0.281250
0.214583
5.012500
0.566667
0.368750
0.204167
4.981250
0.487500
0.222917
0.212500
5.127083
0.220833
0.527083
0.033333
0.472917
4.593750
0.210417
0.387500
0.037500
0.454167
5.193750
0.206250
0.441667
0.470833
4.756250
0.300000
0.268750
0.554167
5.006250
0.393750
0.243750
0.497917
4.766667
0.420833
0.243750
0.425000
4.841667
0.314583
0.329167
0.350000
5.041667
0.335417
0.335417
0.331250
5.145833
0.312500
0.331250
0.343750
4.785417
0.177083
0.483333
0.504167
4.793750
0.162500
0.450000
0.472917
4.900000
0.187500
0.487500
0.485417
4.772917
0.464583
0.175000
0.493750
5.066667
0.472917
0.177083
0.520833
4.814583
0.435417
0.193750
0.420833
4.997917
0.493750
0.156250
0.385417
4.991667
0.531250
0.300000
0.133333
5.675000
0.310417
0.141667
0.031250
4.729167
0.452083
0.245833
0.033333
0.252083
4.847917
0.512500
0.256250
0.350000
5.164583
0.520833
0.254167
0.300000
5.016667
0.266667
0.264583
0.545833
5.127083
0.243750
0.252083
0.477083
4.675000
0.233333
0.237500
0.522917
4.916667
0.460417
0.262500
0.306250
4.972917
0.479167
0.266667
0.275000
4.914583
0.487500
0.266667
0.291667
5.158333
0.525000
0.270833
0.279167
5.043750
0.522917
0.268750
0.277083
5.081250
0.552083
0.277083
0.277083
4.631250
0.145833
0.543750
0.512500
4.922917
0.152083
0.391667
0.472917
4.952083
0.156250
0.431250
0.379167
4.718750
0.475000
0.370833
0.116667
5.616667
0.391667
0.143750
4.833333
0.539583
0.418750
0.139583
5.293750
0.129167
0.585417
0.150000
4.895833
0.152083
0.629167
0.160417
4.950000
0.187500
0.552083
0.202083
5.141667
0.429167
0.406250
0.200000
4.920833
0.433333
0.418750
0.154167
5.283333
0.508333
0.431250
0.125000
4.868750
0.202083
0.552083
0.200000
5.079167
0.204167
0.583333
0.214583
4.941667
0.170833
0.656250
0.195833
4.802083
0.416667
0.139583
0.510417
5.118750
0.425000
0.143750
0.535417
4.850000
0.412500
0.152083
0.525000
4.818750
0.158333
0.433333
0.504167
4.754167
0.185417
0.420833
0.504167
4.941667
0.175000
0.393750
0.466667
5.093750
0.206250
0.495833
0.572917
4.577083
0.289583
0.464583
0.318750
4.991667
0.268750
0.545833
0.529167
4.985417
0.206250
0.502083
0.529167
4.612500
0.179167
0.491667
0.579167
4.620833
0.185417
0.518750
0.543750
4.791667
0.533333
0.391667
0.202083
0.037500
4.779167
0.608333
0.454167
0.185417
4.922917
0.491667
0.441667
0.183333
4.683333
0.433333
0.133333
0.487500
4.897917
0.452083
0.133333
0.404167
5.310417
0.439583
0.141667
5.108333
0.170833
0.522917
0.212500
5.039583
0.260417
0.475000
0.204167
4.991667
0.243750
0.527083
0.235417
5.216667
0.500000
0.183333
0.206250
5.172917
0.481250
0.187500
0.202083
5.243750
0.575000
0.172917
0.227083
4.933333
0.187500
0.362500
0.420833
5.339583
0.231250
0.256250
0.616667
4.416667
0.227083
0.385417
0.431250
4.910417
0.187500
0.443750
0.487500
4.856250
0.185417
0.443750
0.483333
5.020833
0.179167
0.427083
0.443750
4.858333
0.560417
0.139583
0.377083
4.779167
0.554167
0.152083
0.327083
5.227083
0.500000
0.160417
0.427083
