0.031250
0.331250
0.187500
0.406250
4.589583
0.043750
0.370833
0.193750
0.045833
0.335417
4.850000
0.058333
0.358333
0.204167
0.460417
0.058333
5.218750
0.050000
0.379167
0.133333
0.041667
0.279167
4.779167
0.052083
0.375000
0.137500
0.037500
0.295833
5.160417
0.041667
0.431250
0.160417
0.033333
0.300000
0.045833
5.354167
0.054167
0.164583
0.435417
0.043750
0.345833
0.041667
4.341667
0.043750
0.141667
0.043750
0.335417
0.041667
0.345833
0.045833
5.095833
0.045833
0.139583
0.058333
0.372917
0.047917
0.368750
5.320833
0.050000
0.181250
0.502083
0.241667
0.047917
4.916667
0.047917
0.164583
0.500000
0.041667
0.202083
5.050000
0.041667
0.181250
0.502083
0.050000
0.154167
0.041667
4.981250
0.139583
0.035417
0.031250
0.252083
0.475000
0.037500
4.895833
0.037500
0.125000
0.056250
0.275000
0.035417
0.358333
0.035417
0.033333
5.077083
0.047917
0.104167
0.050000
0.233333
0.054167
0.414583
0.043750
5.277083
0.039583
0.214583
0.166667
0.043750
0.445833
0.041667
4.993750
0.037500
0.195833
0.143750
0.037500
0.031250
0.358333
0.037500
0.031250
5.035417
0.035417
0.152083
0.043750
0.152083
0.047917
0.608333
0.037500
5.000000
0.029167
0.020833
0.464583
0.041667
0.220833
0.177083
0.031250
4.825000
0.370833
0.185417
0.497917
5.225000
0.450000
0.375000
0.172917
5.104167
0.414583
0.220833
0.477083
4.627083
0.366667
0.218750
0.033333
0.512500
4.752083
0.325000
0.233333
0.479167
0.022917
5.045833
0.293750
0.475000
0.172917
4.920833
0.325000
0.485417
0.177083
4.845833
0.337500
0.497917
0.187500
5.333333
0.018750
0.522917
0.241667
0.235417
0.025000
4.766667
0.483333
0.239583
0.254167
5.027083
0.422917
0.241667
0.227083
5.258333
0.358333
0.175000
0.512500
4.633333
0.368750
0.170833
0.527083
5.002083
0.356250
0.160417
0.547917
5.066667
0.195833
0.206250
0.554167
5.016667
0.200000
0.193750
0.566667
4.920833
0.212500
0.212500
0.635417
5.352083
0.152083
0.366667
0.556250
4.570833
0.147917
0.375000
0.487500
4.804167
0.141667
0.439583
0.491667
5.227083
0.533333
0.266667
0.168750
5.008333
0.510417
0.306250
0.137500
4.916667
0.504167
0.281250
0.166667
5.189583
0.266667
0.289583
0.493750
4.777083
0.227083
0.266667
0.556250
4.920833
0.239583
0.252083
0.570833
5.170833
0.137500
0.429167
0.543750
4.933333
5.927083
5.981250
0.425000
0.260417
0.260417
5.029167
0.508333
0.245833
0.281250
4.964583
0.462500
0.266667
0.262500
5.072917
0.166667
0.152083
0.645833
4.906250
0.154167
0.760417
5.095833
0.164583
0.172917
6.062500
5.791667
0.391667
5.610417
0.379167
0.618750
5.085417
0.760417
0.266667
5.454167
5.260417
6.264583
0.200000
0.368750
0.489583
4.750000
0.185417
0.387500
0.497917
4.760417
0.575000
0.514583
5.235417
0.460417
5.197917
0.491667
5.508333
1.060417
5.860417
0.433333
4.660417
0.268750
0.306250
0.508333
4.941667
0.220833
0.262500
0.410417
5.354167
0.450000
0.187500
0.320833
4.916667
0.270833
0.200000
0.343750
5.131250
0.385417
0.189583
0.489583
5.097917
0.260417
0.508333
0.195833
5.012500
0.329167
0.450000
0.237500
4.914583
0.287500
0.493750
0.212500
5.118750
0.733333
0.183333
4.875000
6.150000
0.510417
0.189583
0.160417
5.095833
0.727083
5.314583
0.533333
0.170833
5.622917
0.131250
5.537500
5.889583
0.404167
6.008333
5.835417
0.256250
0.370833
0.316667
4.893750
0.306250
0.393750
0.425000
5.070833
6.056250
0.772917
0.131250
4.958333
0.239583
0.479167
0.137500
5.252083
0.947917
5.093750
0.325000
5.816667
5.718750
0.733333
5.293750
0.783333
5.552083
0.633333
5.391667
0.150000
0.679167
0.164583
4.737500
0.145833
0.868750
4.877083
0.150000
0.460417
5.414583
0.145833
