0.179167
0.035417
0.162500
0.035417
0.502083
0.050000
4.785417
0.206250
0.212500
0.525000
0.060417
5.016667
0.218750
0.229167
0.037500
0.437500
0.037500
0.027083
5.322917
0.185417
0.037500
0.493750
0.045833
0.266667
0.037500
4.625000
0.166667
0.033333
0.443750
0.041667
0.281250
0.043750
5.006250
0.179167
0.037500
0.452083
0.054167
0.310417
5.237500
0.185417
0.485417
0.383333
4.881250
0.183333
0.481250
0.391667
5.066667
0.168750
0.487500
0.379167
5.031250
0.504167
0.312500
0.302083
4.595833
0.318750
0.404167
0.339583
4.912500
0.318750
0.314583
0.352083
5.160417
0.047917
0.450000
0.037500
0.287500
0.164583
0.018750
4.881250
0.502083
0.320833
0.166667
4.868750
0.039583
0.456250
0.037500
0.312500
0.179167
5.193750
0.427083
0.366667
0.158333
4.820833
0.031250
0.404167
0.343750
0.185417
5.114583
0.443750
0.408333
0.158333
5.081250
0.375000
0.379167
0.289583
0.031250
4.825000
0.408333
0.383333
0.252083
5.152083
0.441667
0.408333
0.252083
5.062500
0.177083
0.727083
0.181250
4.860417
0.154167
0.597917
0.172917
4.945833
0.166667
0.566667
0.164583
5.077083
0.327083
0.450000
0.262500
4.791667
0.314583
0.441667
0.222917
4.977083
0.316667
0.408333
0.295833
5.160417
0.233333
0.654167
0.275000
4.695833
0.287500
0.587500
0.327083
4.677083
0.337500
0.539583
0.231250
5.168750
0.241667
0.477083
0.391667
4.793750
0.204167
0.416667
0.427083
4.983333
0.193750
0.475000
0.360417
5.037500
0.231250
0.377083
0.391667
4.877083
0.245833
0.427083
0.425000
4.875000
0.204167
0.431250
0.412500
5.200000
0.593750
0.156250
0.335417
4.889583
0.616667
0.156250
0.341667
4.841667
0.625000
0.152083
0.364583
4.779167
0.439583
0.425000
0.147917
4.964583
0.456250
0.402083
0.145833
5.020833
0.475000
0.400000
0.139583
4.916667
0.445833
0.168750
0.414583
5.116667
0.466667
0.222917
0.402083
4.839583
0.487500
0.214583
0.458333
4.818750
0.445833
0.743750
4.939583
0.445833
0.150000
0.422917
4.918750
0.512500
0.141667
0.385417
4.993750
0.154167
0.164583
0.714583
5.152083
0.166667
0.177083
0.647917
4.831250
0.168750
0.172917
0.679167
4.927083
0.341667
0.160417
0.472917
4.895833
0.391667
0.166667
0.425000
5.041667
0.356250
0.147917
0.497917
5.306250
0.664583
0.333333
4.860417
0.552083
0.300000
0.158333
4.860417
0.591667
0.304167
0.160417
4.725000
0.189583
0.493750
0.308333
5.020833
0.245833
0.485417
0.335417
4.889583
0.210417
0.483333
0.370833
5.227083
0.560417
0.177083
0.360417
4.895833
0.543750
0.179167
0.368750
4.995833
0.516667
0.162500
0.366667
4.925000
0.350000
0.281250
0.320833
4.877083
0.537500
0.552083
4.945833
0.522917
5.402083
0.543750
0.483333
5.564583
0.350000
11.212500
0.712500
0.341667
10.747917
0.287500
0.452083
0.360417
5.356250
6.560417
4.831250
0.462500
0.610417
4.939583
0.343750
0.218750
0.468750
5.064583
0.335417
0.181250
0.483333
5.164583
0.329167
0.191667
0.510417
4.987500
0.639583
0.262500
0.154167
4.852083
0.608333
0.250000
0.158333
4.866667
0.656250
0.204167
0.185417
5.129167
0.197917
0.397917
0.462500
5.535417
0.483333
5.895833
5.822917
6.145833
5.408333
0.416667
5.172917
1.110417
5.093750
0.425000
0.177083
0.400000
4.702083
0.485417
0.610417
4.775000
0.591667
0.414583
11.264583
0.327083
0.516667
5.054167
0.195833
0.627083
0.175000
4.893750
0.172917
0.600000
0.183333
4.964583
0.193750
0.585417
0.154167
5.322917
0.227083
0.572917
0.187500
4.918750
0.281250
0.466667
0.170833
5.039583
0.333333
0.464583
0.189583
