0.000000
0.418750
0.160417
0.335417
4.818750
0.452083
0.202083
0.327083
4.987500
0.441667
0.168750
0.312500
5.468750
0.200000
0.495833
0.239583
4.852083
0.227083
0.462500
0.204167
5.054167
0.231250
0.412500
0.214583
5.308333
0.402083
0.189583
0.354167
4.864583
0.379167
0.177083
0.362500
5.068750
0.395833
0.154167
0.337500
5.279167
0.216667
0.218750
0.475000
5.060417
0.214583
0.227083
0.477083
5.010417
0.193750
0.245833
0.497917
5.285417
0.408333
0.129167
0.347917
4.710417
0.410417
0.127083
0.354167
5.135417
0.408333
0.127083
0.339583
5.437500
0.404167
0.335417
0.293750
4.635417
0.372917
0.308333
0.285417
4.995833
0.466667
0.275000
0.264583
5.406250
0.237500
0.264583
0.502083
4.952083
0.229167
0.266667
0.529167
4.833333
0.245833
0.270833
0.527083
0.020833
5.195833
0.200000
0.200000
0.408333
5.041667
0.185417
0.206250
0.500000
4.968750
0.202083
0.220833
0.477083
5.268750
0.181250
0.312500
0.445833
4.825000
0.202083
0.268750
0.464583
5.233333
0.216667
0.262500
0.470833
4.958333
0.333333
0.352083
0.331250
4.802083
0.318750
0.331250
0.335417
5.056250
0.352083
0.350000
0.320833
5.129167
0.529167
0.254167
0.254167
4.697917
0.475000
0.260417
0.262500
5.183333
0.502083
0.247917
0.231250
5.041667
0.320833
0.254167
0.345833
4.970833
0.343750
0.233333
0.347917
4.904167
0.335417
0.229167
0.345833
5.477083
0.156250
0.170833
0.556250
5.093750
0.141667
0.568750
5.008333
0.152083
0.137500
0.522917
5.193750
0.339583
0.116667
0.452083
5.075000
0.316667
0.120833
0.516667
4.939583
0.354167
0.129167
0.452083
5.277083
0.145833
0.364583
0.414583
5.052083
0.164583
0.350000
0.385417
5.081250
0.166667
0.314583
0.391667
5.095833
0.145833
0.264583
0.437500
5.352083
0.006250
0.150000
0.983333
0.247917
0.254167
4.237500
0.308333
0.393750
5.845833
0.337500
0.139583
5.002083
0.439583
0.408333
0.129167
5.220833
0.429167
0.408333
0.118750
5.454167
0.416667
0.139583
4.885417
0.418750
0.406250
0.137500
5.054167
0.393750
0.395833
0.131250
5.170833
0.360417
0.383333
0.206250
4.712500
0.335417
0.443750
0.202083
5.389583
0.441667
0.154167
5.320833
0.512500
0.347917
0.204167
5.250000
0.381250
0.202083
4.895833
0.452083
0.362500
0.170833
5.177083
0.412500
0.135417
0.300000
5.479167
0.150000
0.287500
5.145833
0.458333
0.145833
0.304167
5.233333
0.135417
0.402083
0.443750
5.075000
0.427083
0.418750
5.012500
0.404167
0.425000
5.270833
0.143750
0.520833
0.318750
5.043750
0.139583
0.577083
0.241667
5.050000
0.491667
0.304167
5.431250
0.275000
0.491667
4.956250
0.216667
0.293750
0.445833
4.906250
0.237500
0.272917
0.502083
5.106250
0.487500
0.329167
0.143750
5.585417
0.297917
0.154167
4.950000
0.472917
0.335417
0.170833
5.064583
0.387500
0.300000
0.260417
5.110417
0.385417
0.310417
0.247917
4.889583
0.368750
0.283333
0.245833
5.177083
0.241667
0.395833
0.377083
4.929167
0.231250
0.383333
0.335417
4.933333
0.210417
0.366667
0.397917
5.279167
0.154167
0.625000
0.160417
5.062500
0.147917
0.708333
0.162500
5.183333
0.662500
0.143750
4.977083
0.364583
0.129167
0.472917
4.887500
0.352083
0.139583
0.485417
5.443750
0.135417
0.489583
5.408333
0.606250
0.197917
4.950000
0.554167
0.197917
5.377083
0.677083
0.154167
5.158333
0.662500
0.187500
5.210417
0.531250
0.272917
4.922917
0.520833
0.275000
5.397917
0.533333
0.235417
0.154167
4.933333
0.577083
0.185417
0.193750
5.006250
0.591667
0.175000
0.197917
4.981250
0.135417
0.383333
0.416667
4.889583
0.139583
0.420833
0.360417
5.293750
0.437500
0.339583
