0.263542
0.526042
0.210417
5.000000
0.263542
0.526042
0.210417
5.000000
0.263542
0.526042
0.210417
5.000000
0.368750
0.367708
0.263542
5.000000
0.368750
0.367708
0.263542
5.000000
0.368750
0.367708
0.263542
5.000000
0.420833
0.421875
0.157292
5.000000
0.420833
0.421875
0.157292
5.000000
0.420833
0.421875
0.157292
5.000000
0.368750
0.157292
0.473958
5.000000
0.368750
0.157292
0.473958
5.000000
0.368750
0.157292
0.473958
5.000000
0.210417
0.527083
0.262500
5.000000
0.210417
0.527083
0.262500
5.000000
0.210417
0.527083
0.262500
5.000000
0.368750
0.262500
0.368750
5.000000
0.368750
0.262500
0.368750
5.000000
0.368750
0.262500
0.368750
5.000000
0.158333
0.367708
0.473958
5.000000
0.158333
0.367708
0.473958
5.000000
0.158333
0.367708
0.473958
5.000000
0.315625
0.263542
0.420833
5.000000
0.315625
0.263542
0.420833
5.000000
0.315625
0.263542
0.420833
5.000000
0.210417
0.315625
0.473958
5.000000
0.210417
0.315625
0.473958
5.000000
0.210417
0.315625
0.473958
5.000000
0.158333
0.157292
0.684375
5.000000
0.158333
0.157292
0.684375
5.000000
0.158333
0.157292
0.684375
5.000000
0.420833
0.210417
0.368750
5.000000
0.420833
0.210417
0.368750
5.000000
0.420833
0.210417
0.368750
5.000000
0.527083
0.157292
0.315625
5.000000
0.527083
0.157292
0.315625
5.000000
0.527083
0.157292
0.315625
5.000000
0.158333
0.578125
0.263542
5.000000
0.158333
0.578125
0.263542
5.000000
0.158333
0.578125
0.263542
5.000000
0.263542
0.210417
0.526042
5.000000
0.263542
0.210417
0.526042
5.000000
0.263542
0.210417
0.526042
5.000000
0.579167
0.157292
0.263542
5.000000
0.579167
0.157292
0.263542
5.000000
0.579167
0.157292
0.263542
5.000000
0.158333
0.472917
0.368750
5.000000
0.158333
0.472917
0.368750
5.000000
0.158333
0.472917
0.368750
5.000000
0.632292
0.210417
0.157292
5.000000
0.632292
0.210417
0.157292
5.000000
0.632292
0.210417
0.157292
5.000000
0.473958
0.315625
0.210417
5.000000
0.473958
0.315625
0.210417
5.000000
0.473958
0.315625
0.210417
5.000000
0.579167
0.262500
0.158333
5.000000
0.579167
0.262500
0.158333
5.000000
0.579167
0.262500
0.158333
5.000000
0.315625
0.368750
0.315625
5.000000
0.315625
0.368750
0.315625
5.000000
0.315625
0.368750
0.315625
5.000000
0.210417
0.210417
0.579167
5.000000
0.210417
0.210417
0.579167
5.000000
0.210417
0.210417
0.579167
5.000000
0.315625
0.473958
0.210417
5.000000
0.315625
0.473958
0.210417
5.000000
0.315625
0.473958
0.210417
5.000000
0.527083
0.262500
0.210417
5.000000
0.527083
0.262500
0.210417
5.000000
0.527083
0.262500
0.210417
5.000000
0.210417
0.632292
0.157292
5.000000
0.210417
0.632292
0.157292
5.000000
0.210417
0.632292
0.157292
5.000000
0.158333
0.262500
0.579167
5.000000
0.158333
0.262500
0.579167
5.000000
0.158333
0.262500
0.579167
5.000000
0.315625
0.158333
0.526042
5.000000
0.315625
0.158333
0.526042
5.000000
0.315625
0.158333
0.526042
5.000000
0.210417
0.421875
0.367708
5.000000
0.210417
0.421875
0.367708
5.000000
0.210417
0.421875
0.367708
5.000000
0.368750
0.472917
0.158333
5.000000
0.368750
0.472917
0.158333
5.000000
0.368750
0.472917
0.158333
5.000000
0.158333
0.683333
0.158333
5.000000
0.158333
0.683333
0.158333
5.000000
0.158333
0.683333
0.158333
5.000000
0.263542
0.315625
0.420833
5.000000
0.263542
0.315625
0.420833
5.000000
0.263542
0.315625
0.420833
5.000000
0.263542
0.420833
0.315625
5.000000
0.263542
0.420833
0.315625
5.000000
0.263542
0.420833
0.315625
5.000000
0.420833
0.316667
0.262500
5.000000
0.420833
0.316667
0.262500
5.000000
0.420833
0.316667
0.262500
5.000000
0.473958
0.210417
0.315625
5.000000
0.473958
0.210417
0.315625
5.000000
0.473958
0.210417
0.315625
