0.025000
0.133333
0.112500
0.014583
0.439583
5.366667
0.168750
0.025000
0.150000
0.020833
0.477083
0.027083
5.343750
0.027083
0.158333
0.152083
0.018750
0.529167
0.033333
5.129167
0.027083
0.641667
0.158333
0.120833
4.916667
0.039583
0.612500
0.033333
0.125000
0.131250
0.016667
5.141667
0.675000
0.154167
0.018750
0.129167
0.018750
4.854167
0.022917
0.239583
0.022917
0.137500
0.014583
0.475000
0.025000
5.200000
0.022917
0.227083
0.162500
0.539583
0.022917
4.931250
0.025000
0.279167
0.022917
0.133333
0.502083
5.116667
0.445833
0.020833
0.143750
0.404167
0.018750
4.860417
0.489583
0.022917
0.145833
0.422917
0.022917
4.933333
0.445833
0.020833
0.154167
0.016667
0.395833
4.933333
0.416667
0.418750
0.206250
5.033333
0.412500
0.020833
0.414583
0.020833
0.177083
4.862500
0.020833
0.364583
0.022917
0.368750
0.018750
0.172917
0.016667
5.047917
0.166667
0.018750
0.339583
0.022917
0.429167
0.025000
5.066667
0.170833
0.339583
0.020833
0.433333
0.020833
5.054167
0.183333
0.333333
0.475000
0.031250
4.933333
0.214583
0.022917
0.487500
0.022917
0.312500
4.977083
0.177083
0.016667
0.404167
0.020833
0.410417
0.018750
4.931250
0.022917
0.164583
0.018750
0.435417
0.025000
0.320833
0.016667
4.910417
0.020833
0.183333
0.018750
0.368750
0.016667
0.297917
0.016667
4.977083
0.020833
0.156250
0.431250
0.022917
0.333333
0.020833
5.079167
0.208333
0.020833
0.427083
0.347917
5.058333
0.185417
0.537500
0.218750
0.025000
5.079167
0.179167
0.016667
0.500000
0.206250
0.020833
5.006250
0.168750
0.525000
0.208333
5.012500
0.016667
0.354167
0.016667
0.150000
0.016667
0.437500
0.018750
5.179167
0.393750
0.018750
0.154167
0.475000
0.020833
4.737500
0.016667
0.354167
0.018750
0.152083
0.016667
0.387500
0.022917
5.166667
0.022917
0.450000
0.029167
0.372917
0.027083
0.137500
0.022917
4.954167
0.487500
0.393750
0.145833
5.033333
0.020833
0.483333
0.379167
0.156250
4.877083
0.025000
0.272917
0.025000
0.297917
0.029167
0.275000
0.027083
0.016667
5.085417
0.022917
0.293750
0.025000
0.300000
0.029167
0.312500
0.029167
4.970833
0.035417
0.295833
0.031250
0.306250
0.033333
0.331250
0.037500
4.818750
0.216667
0.025000
0.225000
0.027083
0.481250
0.033333
5.102083
0.025000
0.202083
0.029167
0.220833
0.027083
0.464583
0.025000
5.118750
0.020833
0.195833
0.262500
0.027083
0.477083
0.031250
4.754167
0.291667
0.027083
0.485417
0.027083
0.268750
0.025000
4.802083
0.285417
0.031250
0.454167
0.287500
0.020833
5.172917
0.270833
0.504167
0.291667
0.025000
4.641667
0.177083
0.016667
0.452083
0.170833
0.016667
5.206250
0.185417
0.510417
0.020833
0.300000
0.016667
5.008333
0.191667
0.018750
0.443750
0.189583
5.266667
0.475000
0.418750
0.016667
0.147917
4.968750
0.018750
0.470833
0.391667
0.160417
4.902083
0.025000
0.468750
0.435417
0.020833
0.135417
4.847917
0.031250
0.218750
0.031250
0.460417
0.039583
0.235417
0.029167
5.150000
0.031250
0.233333
0.025000
0.491667
0.027083
0.243750
0.022917
4.879167
0.254167
0.025000
0.450000
0.029167
0.260417
0.029167
5.029167
0.025000
0.214583
0.258333
0.512500
0.041667
4.916667
0.029167
0.218750
0.031250
0.218750
0.035417
0.477083
0.031250
4.968750
0.025000
0.214583
0.029167
0.225000
0.504167
0.039583
4.733333
0.029167
0.477083
0.187500
0.218750
0.022917
4.945833
0.025000
0.483333
0.025000
0.156250
0.227083
0.025000
5.081250
0.022917
0.495833
0.204167
0.241667
0.025000
5.108333
0.025000
0.397917
0.031250
0.172917
0.025000
0.408333
0.029167
4.885417
0.043750
0.420833
0.041667
0.156250
0.027083
0.360417
0.039583
4.979167
0.431250
0.029167
0.181250
0.029167
0.445833
0.029167
4.883333
0.029167
0.320833
0.358333
0.022917
0.306250
0.020833
4.979167
0.022917
0.285417
0.035417
0.283333
0.033333
0.322917
0.029167
4.825000
0.025000
0.285417
0.029167
0.289583
0.029167
0.383333
0.031250
4.891667
0.033333
0.350000
0.031250
0.164583
0.464583
5.058333
0.033333
0.300000
0.027083
0.154167
0.022917
0.431250
0.033333
5.012500
0.366667
0.029167
0.170833
0.025000
0.420833
5.022917
0.462500
0.025000
0.135417
0.331250
0.022917
5.058333
0.018750
0.445833
0.220833
0.031250
0.385417
0.025000
4.795833
0.022917
0.445833
0.031250
0.160417
0.027083
0.377083
0.033333
4.768750
0.179167
0.018750
0.185417
0.020833
0.620833
0.018750
5.116667
0.022917
0.150000
0.022917
0.160417
0.022917
0.475000
0.025000
5.083333
0.025000
0.175000
0.029167
0.170833
0.029167
0.618750
0.025000
5.054167
0.027083
0.485417
0.229167
0.025000
0.468750
0.033333
4.712500
0.020833
0.464583
0.025000
0.154167
0.395833
0.027083
4.814583
0.033333
0.422917
0.195833
0.029167
0.389583
0.027083
5.010417
0.493750
0.179167
0.283333
0.025000
5.004167
0.493750
0.022917
0.187500
0.252083
0.027083
5.079167
0.016667
0.479167
0.018750
0.208333
0.025000
0.329167
0.031250
4.700000
0.031250
0.422917
0.027083
0.410417
0.020833
0.191667
0.022917
4.868750
0.404167
0.020833
0.425000
0.029167
0.175000
0.025000
4.964583
0.018750
0.416667
0.027083
0.429167
0.027083
0.183333
0.022917
4.814583
0.025000
0.566667
0.143750
0.293750
4.895833
0.025000
0.556250
0.025000
0.150000
0.275000
0.027083
5.181250
0.658333
0.185417
0.331250
0.025000
4.814583
0.029167
0.308333
0.031250
0.510417
0.033333
0.181250
0.031250
4.712500
0.022917
0.291667
0.025000
0.537500
0.031250
0.120833
0.027083
4.906250
0.020833
0.320833
0.029167
0.456250
0.129167
5.133333
0.179167
0.489583
0.410417
5.029167
0.027083
0.152083
0.489583
0.427083
0.018750
4.797917
0.022917
0.139583
0.020833
0.418750
0.029167
0.358333
0.031250
4.889583
0.020833
0.129167
0.016667
0.250000
0.506250
0.027083
5.104167
0.154167
0.029167
0.300000
0.475000
0.035417
5.197917
0.147917
0.308333
0.033333
0.450000
0.033333
4.858333
0.029167
0.158333
0.027083
0.283333
0.035417
0.437500
0.050000
4.987500
0.027083
0.147917
0.022917
0.293750
0.033333
0.447917
0.041667
4.887500
0.029167
0.164583
0.035417
0.297917
0.033333
0.339583
0.031250
5.029167
0.027083
0.210417
0.025000
0.458333
0.156250
0.025000
5.179167
0.033333
0.237500
0.029167
0.462500
0.033333
0.129167
5.104167
0.025000
0.210417
0.031250
0.460417
0.160417
