0.431250
0.229167
0.243750
5.025000
0.493750
0.225000
0.245833
5.010417
0.502083
0.222917
0.233333
5.245833
0.437500
0.237500
0.408333
4.660417
0.368750
0.216667
0.397917
5.270833
0.464583
0.247917
0.237500
4.993750
0.527083
0.395833
0.147917
4.858333
0.504167
0.381250
0.139583
4.941667
0.487500
0.387500
0.172917
5.487500
0.277083
0.214583
0.456250
4.466667
0.337500
0.197917
0.445833
5.014583
0.329167
0.187500
0.475000
0.000000
5.310417
0.175000
0.204167
0.485417
4.827083
0.166667
0.204167
0.558333
5.279167
0.162500
0.197917
0.487500
5.431250
0.435417
0.154167
0.325000
4.731250
0.472917
0.170833
0.002083
0.341667
5.154167
0.481250
0.172917
0.362500
4.922917
0.350000
0.370833
0.237500
4.835417
0.343750
0.391667
0.256250
5.025000
0.341667
0.352083
0.243750
5.066667
0.237500
0.252083
0.485417
5.035417
0.254167
0.254167
0.508333
4.941667
0.247917
0.254167
0.531250
5.181250
0.150000
0.460417
0.354167
4.543750
0.147917
0.400000
0.347917
5.216667
0.147917
0.400000
0.381250
5.266667
0.208333
0.481250
0.229167
5.062500
0.208333
0.541667
0.214583
5.122917
0.206250
0.483333
0.227083
0.081250
5.181250
0.189583
0.202083
0.468750
4.943750
0.204167
0.222917
0.527083
5.383333
0.197917
0.210417
0.560417
5.214583
0.525000
0.208333
0.222917
4.504167
0.512500
0.216667
0.233333
5.010417
0.489583
0.210417
0.218750
5.129167
0.366667
0.327083
0.360417
4.737500
0.343750
0.302083
0.379167
4.804167
0.322917
0.285417
0.410417
5.379167
0.441667
0.462500
0.218750
4.770833
0.358333
0.427083
0.243750
5.241667
0.331250
0.389583
0.218750
4.941667
0.452083
0.366667
0.145833
4.966667
0.483333
0.354167
0.131250
4.960417
0.489583
0.375000
0.164583
5.204167
0.175000
0.477083
0.252083
4.981250
0.145833
0.481250
0.260417
5.572917
0.183333
0.604167
0.235417
4.704167
0.160417
0.393750
0.518750
5.133333
0.185417
0.404167
0.493750
4.797917
0.177083
0.414583
0.485417
4.622917
0.383333
0.400000
0.364583
4.887500
0.247917
0.422917
0.383333
4.941667
0.256250
0.393750
0.343750
5.222917
0.233333
0.454167
0.362500
4.979167
0.220833
0.425000
0.318750
4.895833
0.231250
0.404167
0.360417
4.960417
0.260417
0.475000
0.250000
4.793750
0.260417
0.485417
0.264583
5.056250
0.262500
0.493750
0.268750
5.343750
0.256250
0.641667
0.145833
4.714583
0.247917
0.595833
0.127083
5.047917
0.281250
0.631250
0.154167
5.056250
0.306250
0.625000
0.189583
4.764583
0.354167
0.575000
0.191667
4.845833
0.325000
0.597917
0.168750
4.966667
0.437500
0.443750
0.216667
4.947917
0.445833
0.460417
0.225000
4.929167
0.456250
0.429167
0.222917
4.927083
0.235417
0.231250
0.504167
4.800000
0.245833
0.239583
0.520833
4.887500
0.237500
0.243750
0.502083
5.447917
0.595833
0.175000
0.197917
4.702083
0.735417
0.162500
0.181250
4.870833
0.668750
0.177083
0.185417
5.027083
0.366667
0.185417
0.389583
4.995833
0.364583
0.200000
0.389583
5.408333
0.381250
0.200000
0.395833
4.902083
0.504167
0.231250
0.241667
4.781250
0.522917
0.237500
0.245833
5.004167
0.495833
0.258333
0.243750
5.116667
0.291667
0.158333
0.464583
5.022917
0.256250
0.158333
0.468750
5.179167
0.295833
0.183333
0.516667
4.931250
0.247917
0.414583
0.383333
4.891667
0.208333
0.416667
0.429167
5.118750
0.218750
0.404167
0.397917
4.954167
0.439583
0.164583
0.395833
5.060417
0.383333
0.168750
0.397917
5.235417
0.418750
0.183333
0.397917
5.056250
0.641667
0.152083
0.177083
4.633333
0.693750
0.147917
0.181250
4.952083
0.689583
0.160417
0.168750
5.141667
0.187500
0.402083
0.412500
4.941667
0.195833
0.443750
0.379167
4.883333
0.168750
0.418750
0.427083
5.006250
0.393750
0.358333
0.275000
4.993750
0.345833
0.341667
0.293750
4.883333
0.381250
0.352083
0.291667
