0.618750
0.139583
0.160417
5.072917
0.572917
0.158333
0.160417
5.360417
0.587500
0.154167
0.175000
4.970833
0.193750
0.522917
0.227083
4.985417
0.185417
0.543750
0.247917
4.962500
0.200000
0.541667
0.227083
5.183333
0.254167
0.485417
0.502083
4.618750
0.231250
0.506250
0.495833
4.822917
0.225000
0.479167
0.466667
5.104167
0.514583
0.297917
0.158333
4.914583
0.493750
0.325000
0.156250
5.039583
0.500000
0.325000
0.156250
5.335417
0.291667
0.168750
0.533333
4.743750
0.295833
0.162500
0.512500
5.000000
0.293750
0.166667
0.537500
5.343750
0.214583
0.543750
0.335417
4.360417
0.241667
0.525000
0.393750
4.808333
0.208333
0.537500
0.452083
4.818750
0.175000
0.541667
0.391667
4.860417
0.175000
0.529167
0.402083
4.877083
0.202083
0.527083
0.418750
5.093750
0.577083
0.325000
0.350000
4.666667
0.456250
0.268750
0.402083
4.860417
0.475000
0.260417
0.379167
4.970833
0.489583
0.335417
0.185417
5.037500
0.535417
0.339583
0.177083
4.964583
0.508333
0.329167
0.168750
4.977083
0.339583
0.175000
0.518750
4.981250
0.331250
0.175000
0.545833
5.118750
0.322917
0.193750
0.520833
4.664583
0.243750
0.229167
0.539583
5.116667
0.266667
0.222917
0.487500
5.033333
0.266667
0.189583
0.541667
4.968750
0.250000
0.231250
0.550000
4.975000
0.277083
0.231250
0.552083
4.937500
0.252083
0.208333
0.577083
4.981250
0.460417
0.164583
0.412500
4.741667
0.468750
0.154167
0.360417
5.033333
0.529167
0.160417
0.375000
5.022917
0.250000
0.552083
0.237500
4.904167
0.241667
0.620833
0.258333
4.802083
0.222917
0.618750
0.252083
5.170833
0.570833
0.256250
0.293750
4.800000
0.520833
0.275000
0.275000
4.954167
0.518750
0.264583
0.260417
4.989583
0.233333
0.531250
0.158333
4.877083
0.252083
0.622917
0.170833
4.981250
0.268750
0.595833
0.179167
5.210417
0.429167
0.470833
0.231250
4.637500
0.429167
0.500000
0.218750
4.945833
0.437500
0.460417
0.222917
4.954167
0.360417
0.322917
0.347917
4.770833
0.325000
0.358333
0.393750
4.979167
0.335417
0.329167
0.379167
5.106250
0.625000
0.241667
0.289583
4.677083
0.689583
0.183333
0.343750
4.943750
0.637500
0.191667
0.322917
4.791667
0.397917
0.579167
0.233333
4.708333
0.377083
0.545833
0.252083
4.768750
0.379167
0.527083
0.229167
5.345833
0.229167
0.479167
0.547917
4.020833
0.235417
0.454167
0.631250
4.704167
0.216667
0.481250
0.533333
4.785417
0.162500
0.510417
0.470833
4.931250
0.183333
0.516667
0.468750
4.772917
0.175000
0.491667
0.483333
4.831250
0.506250
0.212500
0.504167
4.793750
0.479167
0.191667
0.468750
5.068750
0.441667
0.183333
0.406250
5.022917
0.618750
0.181250
0.293750
4.843750
0.608333
0.191667
0.258333
4.889583
0.577083
0.179167
0.268750
5.025000
0.660417
0.202083
0.310417
4.781250
0.643750
0.185417
0.304167
4.908333
0.614583
0.208333
0.358333
4.797917
0.156250
0.225000
0.537500
4.912500
0.175000
0.239583
0.604167
5.108333
0.179167
0.225000
0.516667
4.962500
0.264583
0.610417
0.302083
4.839583
0.235417
0.575000
0.275000
5.022917
0.243750
0.554167
0.272917
4.906250
0.175000
0.370833
0.575000
4.727083
0.168750
0.302083
0.564583
4.995833
0.164583
0.320833
0.602083
5.131250
0.345833
0.577083
0.175000
4.918750
0.314583
0.547917
0.193750
5.187500
0.335417
0.535417
0.175000
4.693750
0.354167
0.531250
0.262500
4.802083
0.300000
0.527083
0.235417
4.956250
0.264583
0.514583
0.252083
5.018750
0.341667
0.366667
0.352083
4.833333
0.343750
0.362500
0.368750
4.860417
0.333333
0.360417
0.362500
4.979167
0.237500
0.141667
0.658333
5.114583
0.270833
0.145833
0.606250
4.875000
0.270833
0.150000
0.620833
5.052083
0.443750
0.166667
0.587500
4.543750
0.495833
0.160417
0.458333
5.102083
0.516667
0.177083
0.400000
