0.154167
0.618750
0.250000
4.972917
0.206250
0.668750
0.206250
4.887500
0.183333
0.589583
0.175000
5.193750
0.047917
0.408333
0.418750
0.291667
4.781250
0.041667
0.364583
0.439583
0.322917
4.810417
0.043750
0.383333
0.437500
0.266667
0.054167
4.806250
0.031250
0.572917
0.202083
0.041667
0.189583
0.045833
5.002083
0.027083
0.025000
0.606250
0.212500
0.035417
0.222917
0.033333
4.789583
0.606250
0.047917
0.172917
0.241667
0.035417
4.795833
0.260417
0.552083
0.039583
0.204167
5.091667
0.270833
0.677083
0.216667
4.668750
0.189583
0.029167
0.641667
0.000000
0.175000
0.000000
0.039583
5.037500
0.685417
0.187500
0.202083
0.035417
4.864583
0.683333
0.179167
0.043750
0.183333
4.760417
0.743750
0.197917
0.210417
0.031250
4.910417
0.272917
0.737500
0.185417
4.889583
0.281250
0.689583
0.193750
0.047917
4.683333
0.350000
0.660417
0.175000
4.950000
0.402083
0.050000
0.377083
0.318750
0.029167
0.020833
4.741667
0.493750
0.470833
0.325000
0.041667
4.593750
0.393750
0.404167
0.377083
5.054167
0.231250
0.270833
0.041667
0.658333
0.047917
4.797917
0.218750
0.250000
0.035417
0.558333
4.666667
0.210417
0.233333
0.037500
0.562500
5.037500
0.202083
0.497917
0.481250
4.747917
0.166667
0.033333
0.416667
0.481250
4.795833
0.170833
0.027083
0.393750
0.433333
5.072917
0.441667
0.202083
0.037500
0.425000
4.808333
0.410417
0.212500
0.475000
4.885417
0.464583
0.189583
0.035417
0.410417
4.977083
0.429167
0.191667
0.458333
4.804167
0.435417
0.191667
0.039583
0.375000
4.960417
0.389583
0.202083
0.033333
0.358333
5.204167
0.608333
0.152083
0.172917
0.027083
4.875000
0.695833
0.006250
0.160417
0.175000
0.035417
4.939583
0.695833
0.172917
0.243750
4.897917
0.445833
0.197917
0.439583
4.918750
0.506250
0.187500
0.447917
4.812500
0.539583
0.183333
0.422917
4.977083
0.037500
0.337500
0.456250
0.037500
0.204167
0.031250
4.852083
0.275000
0.516667
0.227083
0.033333
4.906250
0.035417
0.297917
0.033333
0.447917
0.222917
0.020833
4.993750
0.233333
0.531250
0.272917
4.810417
0.260417
0.035417
0.504167
0.031250
0.239583
0.025000
5.047917
0.258333
0.539583
0.264583
0.031250
4.868750
0.183333
0.577083
0.322917
5.075000
0.200000
0.654167
0.316667
4.975000
0.185417
0.531250
0.256250
0.029167
4.745833
0.002083
0.387500
0.483333
0.220833
0.037500
4.820833
0.370833
0.416667
0.210417
5.058333
0.391667
0.450000
0.191667
0.029167
5.008333
0.000000
0.552083
0.181250
0.431250
5.014583
0.572917
0.197917
0.404167
4.656250
0.527083
0.197917
0.408333
4.720833
0.000000
0.027083
0.516667
0.208333
0.339583
0.002083
4.902083
0.537500
0.193750
0.033333
0.356250
4.922917
0.558333
0.193750
0.033333
0.350000
4.914583
0.622917
0.212500
0.431250
4.685417
0.595833
0.195833
0.381250
4.981250
0.533333
0.195833
0.385417
4.877083
0.235417
0.475000
0.233333
4.983333
0.025000
0.212500
0.031250
0.333333
0.289583
0.029167
4.997917
0.256250
0.387500
0.275000
0.039583
5.356250
0.220833
0.164583
0.795833
0.020833
4.750000
0.220833
0.170833
0.527083
5.031250
0.233333
0.158333
0.535417
5.077083
0.254167
0.256250
0.033333
0.529167
5.333333
0.235417
0.037500
0.195833
0.029167
0.454167
0.037500
5.181250
0.002083
0.227083
0.041667
0.204167
0.504167
4.743750
0.220833
0.187500
0.022917
0.450000
5.427083
0.220833
0.185417
0.031250
0.491667
0.039583
4.614583
0.033333
0.164583
0.197917
0.006250
0.014583
0.458333
0.004167
0.025000
5.050000
0.518750
0.000000
0.443750
0.179167
0.022917
4.845833
0.512500
0.477083
0.179167
0.027083
4.756250
0.041667
0.437500
0.466667
0.004167
0.177083
0.037500
4.960417
0.310417
0.343750
0.045833
0.281250
0.025000
0.018750
5.012500
0.043750
0.266667
0.031250
0.281250
0.039583
0.289583
0.022917
4.997917
0.304167
0.339583
0.337500
0.050000
4.966667
0.185417
0.195833
0.002083
0.547917
5.039583
0.035417
0.166667
0.189583
0.000000
0.018750
0.458333
0.022917
5.127083
0.187500
0.043750
0.135417
0.022917
0.447917
5.025000
0.533333
0.000000
0.439583
0.193750
0.035417
4.745833
0.502083
0.475000
0.181250
4.914583
0.472917
0.472917
0.000000
0.179167
0.029167
0.002083
4.741667
0.004167
0.020833
0.191667
0.020833
0.500000
0.027083
0.222917
0.016667
4.943750
0.000000
0.204167
0.002083
0.547917
0.002083
0.272917
0.000000
5.018750
0.208333
0.031250
0.462500
0.047917
0.185417
0.002083
0.022917
0.018750
4.966667
0.197917
0.033333
0.404167
0.281250
5.116667
0.195833
0.491667
0.000000
0.262500
4.891667
0.212500
0.485417
0.252083
0.000000
5.129167
0.191667
0.414583
0.231250
5.193750
0.172917
0.029167
0.160417
0.018750
0.452083
4.962500
0.037500
0.137500
0.020833
0.385417
0.347917
5.125000
0.214583
0.468750
0.237500
5.195833
0.189583
0.437500
0.229167
5.204167
0.033333
0.152083
0.018750
0.427083
0.037500
0.172917
0.018750
5.164583
0.468750
0.414583
0.170833
0.002083
4.985417
0.456250
0.439583
0.166667
0.022917
0.004167
4.929167
0.460417
0.397917
0.160417
0.020833
