0.268750
0.489583
0.268750
4.762500
0.237500
0.529167
0.260417
4.929167
0.258333
0.539583
0.260417
5.256250
0.452083
0.154167
0.162500
5.068750
0.479167
0.172917
0.272917
5.183333
0.493750
0.168750
0.289583
5.197917
0.002083
0.447917
0.164583
0.352083
5.087500
0.420833
0.185417
0.337500
4.991667
0.433333
0.160417
0.320833
4.910417
0.181250
0.531250
0.287500
5.185417
0.168750
0.508333
0.189583
5.081250
0.156250
0.604167
0.189583
4.772917
0.191667
0.397917
0.395833
5.152083
0.158333
0.412500
0.422917
4.825000
0.137500
0.045833
0.404167
0.450000
5.160417
0.297917
0.145833
0.337500
5.270833
0.329167
0.160417
0.372917
5.160417
0.289583
0.191667
0.518750
4.843750
0.347917
0.429167
0.402083
4.856250
0.329167
0.377083
0.350000
4.960417
0.193750
0.433333
0.454167
5.116667
0.425000
0.195833
0.416667
4.595833
0.404167
0.206250
0.002083
0.435417
5.175000
0.431250
0.210417
0.439583
4.866667
0.175000
0.162500
0.662500
5.285417
0.137500
0.647917
0.000000
0.002083
5.008333
0.181250
0.170833
0.645833
5.047917
0.208333
0.568750
0.202083
5.006250
0.233333
0.581250
0.185417
5.047917
0.208333
0.581250
0.191667
5.139583
0.514583
0.187500
0.345833
5.158333
0.581250
0.200000
0.179167
5.179167
0.556250
0.189583
0.195833
4.743750
0.193750
0.447917
0.425000
4.908333
0.187500
0.391667
0.402083
4.822917
0.189583
0.466667
0.435417
4.764583
0.162500
0.412500
0.487500
5.204167
0.183333
0.416667
0.412500
4.910417
0.181250
0.360417
0.531250
4.795833
0.514583
0.264583
0.270833
4.775000
0.437500
0.289583
0.308333
5.150000
0.466667
0.272917
0.314583
4.964583
0.264583
0.245833
0.462500
4.975000
0.241667
0.241667
0.489583
5.014583
0.250000
0.264583
0.514583
5.041667
0.270833
0.508333
0.137500
5.243750
0.291667
0.618750
0.166667
4.881250
0.287500
0.579167
0.158333
5.204167
0.175000
0.177083
0.593750
4.960417
0.216667
0.175000
0.691667
4.977083
0.181250
0.177083
0.656250
4.752083
0.531250
0.275000
0.281250
4.777083
0.510417
0.264583
0.268750
4.975000
0.514583
0.268750
0.252083
5.091667
0.400000
0.170833
0.385417
5.039583
0.414583
0.172917
0.004167
0.397917
5.054167
0.410417
0.166667
0.364583
5.177083
0.283333
0.393750
5.341667
0.275000
0.460417
5.216667
0.264583
0.431250
4.995833
0.472917
0.437500
0.145833
4.954167
0.516667
0.431250
4.993750
0.500000
0.433333
0.168750
5.029167
0.191667
0.350000
0.406250
4.941667
0.216667
0.400000
0.381250
5.147917
0.162500
0.377083
0.420833
4.960417
0.420833
0.400000
0.314583
4.925000
0.412500
0.397917
0.347917
4.785417
0.391667
0.493750
0.172917
4.972917
0.291667
0.545833
0.281250
4.812500
0.279167
0.577083
0.304167
4.841667
0.285417
0.537500
0.281250
4.818750
0.397917
0.387500
0.208333
5.052083
0.402083
0.387500
0.254167
4.945833
0.379167
0.377083
0.229167
5.135417
0.341667
0.510417
0.147917
4.906250
0.329167
0.497917
0.183333
5.045833
0.295833
0.439583
0.170833
5.202083
0.410417
0.433333
0.331250
4.725000
0.354167
0.316667
0.266667
4.925000
0.362500
0.308333
0.281250
5.372917
0.518750
0.266667
0.252083
4.635417
0.387500
0.193750
0.414583
5.131250
0.500000
0.189583
0.333333
5.031250
0.425000
0.231250
0.331250
4.895833
0.472917
0.181250
0.368750
4.935417
0.391667
0.193750
0.462500
5.041667
0.539583
0.397917
0.164583
4.795833
0.495833
0.387500
0.191667
4.950000
0.460417
0.368750
0.170833
0.004167
5.072917
0.729167
0.145833
5.068750
0.731250
0.162500
0.170833
5.031250
0.714583
0.150000
0.206250
4.931250
0.183333
0.316667
0.429167
5.114583
0.168750
0.400000
0.443750
5.068750
0.156250
0.379167
0.422917
4.852083
0.385417
0.352083
0.364583
4.756250
0.285417
0.375000
0.331250
5.081250
0.327083
0.368750
0.339583
