0.375000
0.166667
0.362500
4.962500
0.427083
0.170833
0.393750
5.122917
0.481250
0.156250
0.393750
4.827083
0.252083
0.266667
0.487500
5.047917
0.252083
0.275000
0.522917
4.972917
0.243750
0.254167
0.562500
4.716667
0.154167
0.668750
0.172917
5.008333
0.152083
0.714583
0.210417
5.254167
0.160417
0.691667
0.170833
4.925000
0.185417
0.204167
0.729167
4.854167
0.168750
0.183333
0.841667
4.781250
0.185417
0.185417
0.775000
4.741667
0.256250
0.560417
0.250000
4.852083
0.237500
0.506250
0.241667
5.300000
0.241667
0.497917
0.243750
4.791667
0.266667
0.320833
0.331250
5.247917
0.281250
0.312500
0.304167
4.895833
0.302083
0.345833
0.293750
5.083333
0.235417
0.422917
0.385417
5.004167
0.250000
0.431250
0.387500
4.879167
0.264583
0.422917
0.400000
4.910417
0.158333
0.347917
0.568750
4.943750
0.170833
0.350000
0.518750
5.022917
0.145833
0.018750
0.297917
0.591667
0.037500
4.945833
0.452083
0.383333
0.206250
5.283333
0.485417
0.447917
0.204167
4.604167
0.020833
0.462500
0.020833
0.379167
0.025000
0.152083
0.020833
4.810417
0.287500
0.164583
0.608333
4.950000
0.031250
0.383333
0.175000
0.481250
4.897917
0.029167
0.245833
0.164583
0.627083
4.910417
0.214583
0.464583
0.516667
4.945833
0.197917
0.445833
0.466667
4.916667
0.022917
0.183333
0.018750
0.412500
0.493750
4.735417
0.787500
0.154167
0.127083
4.968750
0.831250
0.154167
0.156250
4.781250
0.037500
0.741667
0.158333
0.152083
5.116667
0.031250
0.466667
0.031250
0.322917
0.168750
0.027083
4.902083
0.508333
0.033333
0.335417
0.191667
4.760417
0.041667
0.456250
0.343750
0.195833
5.058333
0.279167
0.516667
0.172917
4.979167
0.300000
0.033333
0.497917
0.160417
0.020833
5.012500
0.304167
0.531250
0.170833
0.020833
4.933333
0.029167
0.189583
0.031250
0.214583
0.564583
5.031250
0.220833
0.020833
0.208333
0.522917
4.954167
0.033333
0.193750
0.227083
0.589583
0.033333
4.870833
0.379167
0.154167
0.022917
0.491667
0.035417
4.927083
0.368750
0.158333
0.027083
0.433333
5.102083
0.037500
0.366667
0.150000
0.020833
0.447917
0.025000
4.910417
0.258333
0.166667
0.027083
0.704167
0.033333
4.827083
0.222917
0.141667
0.016667
0.664583
0.029167
4.966667
0.237500
0.154167
0.025000
0.639583
0.029167
5.502083
0.164583
0.025000
0.175000
5.033333
0.029167
0.589583
0.170833
0.204167
5.020833
0.029167
0.562500
0.037500
0.147917
0.025000
0.179167
4.910417
0.043750
0.193750
0.489583
0.239583
0.037500
4.943750
0.239583
0.489583
0.237500
5.058333
0.037500
0.200000
0.470833
0.237500
5.181250
0.347917
0.177083
0.479167
4.916667
0.037500
0.308333
0.183333
0.037500
0.425000
5.022917
0.029167
0.289583
0.035417
0.158333
0.027083
0.497917
5.127083
0.191667
0.027083
0.462500
0.031250
0.300000
0.033333
5.131250
0.216667
0.468750
0.358333
0.033333
4.737500
0.033333
0.160417
0.029167
0.497917
0.035417
0.295833
0.037500
4.964583
0.200000
0.027083
0.575000
0.225000
4.879167
0.204167
0.606250
0.041667
0.189583
4.910417
0.172917
0.691667
0.200000
4.937500
0.508333
0.039583
0.202083
0.272917
4.966667
0.029167
0.493750
0.264583
0.260417
5.012500
0.506250
0.262500
0.258333
4.925000
0.375000
0.395833
0.225000
4.904167
0.033333
0.337500
0.035417
0.354167
0.250000
5.060417
0.387500
0.372917
0.258333
4.977083
0.166667
0.458333
0.358333
4.937500
0.162500
0.020833
0.422917
0.325000
5.095833
0.162500
0.025000
0.466667
0.333333
5.016667
0.750000
0.164583
0.175000
4.818750
0.033333
0.643750
0.168750
0.177083
5.129167
0.702083
0.168750
0.187500
4.995833
0.035417
0.489583
0.287500
0.312500
4.797917
0.545833
0.272917
0.289583
0.041667
4.943750
0.031250
0.525000
0.250000
0.264583
4.779167
0.402083
0.197917
0.477083
4.912500
0.379167
0.206250
0.458333
4.870833
0.029167
0.358333
0.197917
0.370833
5.195833
0.510417
0.402083
0.166667
0.039583
4.843750
0.479167
0.039583
0.310417
0.179167
4.995833
0.035417
0.441667
0.364583
0.152083
4.935417
0.320833
0.312500
0.297917
5.070833
0.312500
0.297917
0.343750
5.091667
0.302083
0.310417
0.329167
5.072917
0.450000
0.243750
0.281250
4.970833
0.466667
0.262500
0.275000
5.022917
0.429167
0.250000
0.258333
5.035417
0.264583
0.502083
0.191667
5.122917
0.302083
0.537500
0.185417
5.112500
0.287500
0.554167
0.160417
0.043750
4.758333
0.166667
0.535417
0.608333
4.816667
0.154167
0.031250
0.506250
0.352083
5.018750
0.166667
0.543750
0.352083
