0.000000
0.239583
0.725000
0.970833
5.977083
6.220833
6.704167
6.920833
12.066667
12.337500
12.808333
12.989583
18.083333
18.439583
18.783333
19.068750
23.904167
24.260417
24.652083
24.935417
30.016667
30.352083
30.712500
30.991667
36.081250
36.535417
36.900000
37.041667
37.062500
42.204167
42.570833
43.079167
43.247917
48.075000
48.502083
48.939583
49.104167
54.085417
54.416667
54.570833
55.095833
60.060417
60.408333
60.550000
61.081250
66.122917
66.495833
66.641667
67.141667
72.041667
72.302083
72.802083
73.064583
77.927083
78.143750
78.739583
79.016667
83.987500
84.202083
84.693750
84.975000
90.391667
90.691667
91.014583
91.270833
96.206250
96.533333
96.916667
97.135417
102.068750
102.410417
102.733333
103.106250
107.993750
108.141667
108.572917
109.058333
113.991667
114.147917
114.516667
114.981250
120.014583
120.166667
120.572917
121.091667
125.941667
126.264583
126.577083
126.854167
131.847917
132.131250
132.450000
132.841667
137.775000
138.052083
138.325000
138.708333
138.727083
143.935417
144.141667
144.450000
144.843750
149.756250
149.972917
150.270833
150.702083
155.910417
156.097917
156.404167
156.862500
161.947917
162.106250
162.260417
162.904167
168.091667
168.256250
168.410417
169.035417
174.035417
174.193750
174.360417
175.018750
180.020833
180.470833
180.633333
181.043750
185.829167
186.237500
186.433333
186.852083
191.856250
192.287500
192.481250
192.877083
198.002083
198.497917
198.662500
199.106250
204.008333
204.460417
204.625000
204.964583
210.020833
210.495833
210.650000
211.045833
215.916667
216.075000
216.643750
216.918750
221.968750
222.127083
222.695833
222.952083
228.010417
228.162500
228.702083
228.970833
233.970833
234.214583
234.464583
235.014583
239.854167
240.150000
240.316667
240.831250
240.870833
246.002083
246.227083
246.558333
247.106250
252.083333
252.575000
252.718750
253.200000
258.227083
258.704167
258.864583
259.160417
264.104167
264.616667
264.768750
265.043750
270.097917
270.237500
270.579167
270.991667
275.962500
276.131250
276.531250
276.879167
282.091667
282.266667
282.652083
282.983333
287.935417
288.425000
288.608333
288.864583
293.777083
294.243750
294.410417
294.606250
299.772917
300.245833
300.418750
300.595833
305.912500
306.431250
306.775000
306.952083
311.885417
312.397917
312.731250
312.929167
318.016667
318.527083
318.925000
319.087500
323.983333
324.541667
324.585417
324.845833
324.987500
330.310417
330.866667
331.206250
331.368750
336.277083
336.781250
337.075000
337.229167
342.122917
342.500000
342.835417
343.137500
347.935417
348.295833
348.660417
348.929167
353.972917
354.316667
354.639583
354.931250
359.962500
360.156250
360.368750
360.975000
365.937500
366.104167
366.335417
366.989583
371.910417
372.125000
372.341667
372.970833
378.020833
378.302083
378.781250
378.997917
383.902083
384.202083
384.677083
384.854167
390.043750
390.310417
390.750000
390.958333
395.937500
396.433333
396.727083
396.933333
401.852083
402.283333
402.556250
402.789583
407.985417
408.477083
408.718750
408.968750
414.089583
414.289583
414.858333
415.010417
419.868750
420.135417
420.566667
420.725000
425.870833
426.154167
426.612500
426.802083
432.031250
432.195833
432.441667
433.083333
437.925000
438.104167
438.337500
438.979167
443.954167
444.110417
444.331250
444.983333
450.033333
450.331250
450.520833
451.033333
456.077083
456.356250
456.539583
457.012500
462.085417
462.410417
462.577083
462.985417
467.827083
468.066667
468.502083
468.835417
473.593750
473.839583
474.285417
474.631250
479.527083
479.768750
480.156250
480.654167
485.993750
486.329167
486.852083
487.033333
492.027083
492.308333
492.800000
492.985417
497.845833
498.208333
498.681250
498.872917
503.875000
504.029167
504.597917
504.762500
509.991667
510.162500
510.739583
510.885417
510.912500
516.012500
516.183333
516.797917
516.970833
522.014583
522.275000
522.516667
522.970833
527.818750
528.079167
528.435417
528.787500
533.943750
534.195833
534.489583
535.006250
539.941667
540.216667
540.627083
540.943750
545.904167
546.195833
546.975000
551.975000
552.252083
552.660417
552.995833
557.960417
558.312500
558.608333
559.018750
564.052083
564.443750
564.722917
565.031250
570.066667
570.429167
570.731250
571.027083
576.029167
576.450000
576.641667
577.014583
581.906250
582.327083
582.543750
582.850000
588.058333
588.608333
588.800000
589.166667
