0.000000
0.245833
0.781250
1.037500
5.908333
6.168750
6.722917
6.979167
11.966667
12.202083
12.747917
13.000000
18.164583
18.587500
18.837500
18.887500
19.314583
23.827083
24.310417
24.585417
25.012500
30.147917
30.522917
30.866667
31.172917
36.089583
36.350000
36.843750
37.122917
41.891667
42.139583
42.193750
42.677083
42.943750
47.910417
48.162500
48.666667
48.958333
48.993750
54.312500
54.347917
54.464583
54.608333
55.225000
55.241667
60.054167
60.212500
60.372917
60.393750
61.045833
66.041667
66.200000
66.395833
66.422917
67.006250
72.012500
72.183333
72.675000
73.029167
77.908333
78.087500
78.547917
78.922917
83.891667
84.083333
84.547917
84.875000
90.281250
90.539583
90.839583
91.391667
95.962500
96.187500
96.441667
97.083333
102.035417
102.252083
102.464583
103.135417
108.306250
108.860417
109.041667
109.402083
113.891667
114.487500
114.654167
114.683333
115.066667
119.966667
120.520833
120.697917
120.725000
121.047917
121.077083
126.231250
126.602083
127.027083
127.366667
131.995833
132.381250
132.839583
133.100000
133.143750
137.916667
138.262500
138.731250
139.022917
139.056250
144.287500
144.529167
144.797917
145.418750
150.175000
150.433333
150.704167
151.254167
156.047917
156.300000
156.577083
157.152083
162.075000
162.714583
162.933333
163.291667
163.333333
167.858333
168.364583
168.572917
168.610417
169.062500
173.995833
174.575000
174.785417
175.135417
180.064583
180.422917
180.889583
181.089583
185.991667
186.343750
186.881250
187.095833
192.079167
192.429167
192.958333
193.181250
198.037500
198.241667
198.839583
199.066667
204.058333
204.281250
204.954167
205.137500
210.043750
210.262500
210.791667
210.981250
215.989583
216.172917
216.679167
217.179167
221.937500
222.156250
222.691667
223.070833
227.931250
228.139583
228.658333
229.154167
234.256250
234.427083
235.047917
235.450000
235.493750
240.177083
240.368750
240.593750
241.235417
245.595833
245.804167
246.164583
246.660417
251.910417
252.516667
252.775000
253.066667
257.839583
258.397917
258.633333
258.670833
258.904167
258.939583
264.072917
264.610417
264.862500
265.131250
265.162500
269.945833
270.312500
270.470833
271.008333
275.760417
275.791667
276.177083
276.206250
276.339583
276.843750
276.879167
282.127083
282.164583
282.556250
282.716667
282.739583
283.206250
283.252083
288.158333
288.795833
289.020833
289.191667
289.216667
293.983333
294.585417
294.870833
295.004167
295.025000
300.045833
300.531250
300.864583
301.000000
306.170833
306.683333
307.002083
307.045833
307.222917
307.250000
311.770833
312.289583
312.679167
312.864583
312.900000
317.960417
318.502083
318.935417
319.089583
319.112500
324.100000
324.427083
324.879167
325.166667
329.904167
330.247917
330.606250
330.979167
336.020833
336.347917
336.770833
337.087500
341.964583
342.231250
342.658333
343.025000
347.679167
347.912500
348.254167
348.764583
353.852083
354.068750
354.510417
355.025000
359.989583
360.233333
360.777083
361.081250
366.202083
366.420833
366.897917
367.258333
371.937500
372.125000
372.629167
372.935417
377.983333
378.158333
378.702083
379.054167
383.983333
384.164583
384.745833
385.058333
389.881250
390.064583
390.556250
390.987500
396.472917
396.783333
397.200000
397.610417
401.947917
402.270833
402.595833
403.162500
408.031250
408.368750
408.647917
409.147917
414.047917
414.250000
414.797917
415.377083
419.906250
420.106250
420.616667
421.141667
426.045833
426.245833
426.762500
427.385417
431.960417
432.547917
432.860417
433.177083
437.862500
438.379167
438.683333
438.981250
444.002083
444.593750
444.893750
445.212500
449.868750
450.379167
450.647917
451.162500
455.872917
456.370833
456.597917
456.960417
462.152083
462.602083
462.847917
463.335417
468.164583
468.375000
468.906250
469.095833
473.770833
473.970833
474.712500
474.922917
480.000000
480.204167
480.854167
481.043750
486.406250
486.806250
486.970833
487.514583
492.064583
492.508333
492.666667
493.237500
498.118750
498.533333
498.700000
499.179167
504.029167
504.316667
504.860417
505.145833
510.083333
510.370833
510.958333
511.233333
511.291667
516.158333
516.431250
517.022917
517.252083
517.287500
522.166667
522.879167
523.112500
523.327083
528.191667
528.850000
529.056250
529.256250
534.164583
534.850000
535.056250
535.266667
540.029167
540.585417
540.777083
541.106250
545.922917
546.458333
546.643750
547.068750
552.047917
552.593750
552.800000
553.206250
558.079167
558.383333
558.664583
559.164583
563.795833
564.058333
564.335417
564.843750
569.987500
570.302083
570.693750
571.262500
575.983333
576.304167
576.831250
577.022917
581.997917
582.362500
582.929167
583.162500
588.122917
588.550000
589.085417
589.358333
