0.000000
0.166667
0.316667
0.858333
5.750000
5.937500
6.097917
6.497917
11.793750
11.964583
12.141667
12.670833
18.020833
18.235417
18.500000
19.129167
23.885417
24.097917
24.316667
24.977083
30.170833
30.397917
30.633333
31.268750
36.193750
36.745833
36.983333
37.210417
42.156250
42.670833
42.906250
43.402083
48.164583
48.652083
48.875000
49.312500
54.056250
54.212500
54.672917
55.229167
60.114583
60.281250
60.700000
61.208333
66.197917
66.356250
66.793750
67.316667
72.227083
72.631250
72.791667
73.308333
77.927083
78.306250
78.485417
79.004167
84.100000
84.479167
84.662500
85.172917
85.204167
90.168750
90.693750
91.104167
91.287500
95.866667
95.866667
95.870833
96.447917
96.877083
97.068750
101.939583
102.395833
102.835417
102.995833
107.960417
108.464583
108.745833
108.960417
113.972917
114.539583
114.908333
115.112500
120.093750
120.581250
120.804167
121.016667
126.143750
126.364583
126.891667
126.925000
127.397917
131.991667
132.202083
132.589583
132.627083
133.081250
138.275000
138.481250
138.922917
139.393750
144.150000
144.450000
144.718750
145.272917
150.279167
150.672917
150.916667
151.414583
156.181250
156.602083
156.845833
157.270833
162.112500
162.427083
162.756250
163.106250
168.147917
168.483333
168.818750
169.150000
174.295833
174.608333
174.939583
175.283333
180.068750
180.245833
180.729167
181.233333
186.027083
186.189583
186.639583
187.112500
192.012500
192.200000
192.687500
193.172917
197.945833
198.410417
198.585417
199.079167
204.145833
204.618750
204.795833
205.316667
210.131250
210.566667
210.760417
211.181250
216.179167
216.672917
216.829167
217.214583
222.206250
222.737500
223.037500
223.170833
228.845833
229.156250
229.297917
229.329167
234.058333
234.510417
234.756250
234.789583
235.041667
239.889583
240.402083
240.658333
241.008333
246.172917
246.693750
246.947917
247.247917
252.264583
252.531250
252.795833
253.341667
258.468750
258.712500
258.964583
259.441667
264.116667
264.350000
264.587500
265.110417
270.027083
270.487500
270.750000
271.056250
276.029167
276.508333
276.775000
277.050000
281.964583
282.452083
282.718750
283.010417
288.168750
288.693750
288.964583
289.243750
294.287500
294.810417
295.079167
295.356250
300.437500
300.989583
301.266667
301.543750
306.175000
306.320833
306.864583
307.377083
312.300000
312.452083
312.843750
313.316667
318.268750
318.425000
318.856250
319.235417
323.954167
324.429167
324.800000
324.916667
330.533333
330.925000
331.068750
335.902083
336.441667
336.860417
337.000000
342.293750
342.422917
343.008333
343.158333
348.054167
348.206250
348.835417
348.995833
353.945833
354.133333
354.685417
354.887500
360.029167
360.458333
360.864583
361.064583
365.985417
366.418750
366.837500
366.991667
372.275000
372.783333
373.214583
373.339583
378.208333
378.410417
378.962500
379.162500
384.241667
384.445833
385.029167
385.243750
390.185417
390.356250
391.012500
391.208333
396.010417
396.427083
396.566667
397.077083
402.195833
402.620833
402.764583
403.300000
408.150000
408.562500
408.714583
409.239583
414.058333
414.216667
414.650000
415.154167
419.908333
420.093750
420.514583
421.018750
425.960417
426.135417
426.529167
426.995833
432.089583
432.295833
432.791667
433.364583
437.941667
438.231250
438.695833
439.014583
444.006250
444.275000
444.820833
445.350000
450.335417
450.541667
451.043750
451.572917
456.185417
456.364583
456.856250
457.435417
462.056250
462.241667
462.760417
463.304167
468.095833
468.629167
469.020833
469.222917
469.260417
474.039583
474.647917
475.102083
475.287500
480.210417
480.702083
481.143750
481.327083
486.010417
486.443750
486.577083
487.064583
491.962500
492.414583
492.547917
492.952083
498.262500
498.702083
498.843750
503.952083
504.122917
504.645833
504.858333
509.897917
510.158333
510.633333
510.837500
515.829167
516.072917
516.600000
516.835417
522.052083
522.552083
522.735417
522.941667
528.114583
528.595833
528.783333
528.985417
534.229167
534.804167
534.977083
535.204167
540.137500
540.325000
540.687500
541.108333
546.447917
546.679167
546.935417
547.552083
551.968750
552.195833
552.581250
553.012500
557.922917
558.110417
558.554167
559.041667
563.897917
564.083333
564.527083
565.010417
570.031250
570.210417
570.637500
571.081250
575.939583
576.500000
576.639583
577.016667
581.795833
582.350000
582.502083
582.829167
588.056250
588.556250
588.716667
589.143750
