0.000000
0.031250
0.362500
0.550000
0.956250
5.545833
5.589583
5.960417
6.154167
6.200000
6.535417
11.385417
11.443750
11.802083
12.006250
12.466667
12.525000
17.743750
17.793750
18.172917
18.306250
18.347917
18.627083
23.406250
23.458333
23.833333
23.970833
24.008333
24.304167
29.464583
29.506250
29.937500
30.097917
30.131250
30.431250
30.477083
35.831250
35.885417
36.050000
36.485417
36.529167
36.875000
36.916667
41.258333
41.302083
41.443750
41.487500
41.822917
41.864583
42.210417
42.256250
47.352083
47.397917
47.537500
47.595833
47.968750
48.016667
48.385417
53.706250
53.756250
53.937500
54.439583
54.681250
54.729167
59.645833
59.693750
59.858333
60.358333
60.400000
60.602083
65.652083
65.693750
65.875000
66.377083
66.427083
66.581250
66.622917
71.604167
71.743750
71.779167
71.810417
72.062500
72.537500
72.575000
77.470833
77.508333
77.633333
77.689583
77.964583
78.000000
78.358333
78.393750
78.427083
83.504167
83.552083
83.656250
83.706250
83.939583
83.993750
84.408333
84.452083
89.729167
89.768750
89.983333
90.150000
90.193750
90.639583
90.681250
95.675000
95.712500
95.908333
96.052083
96.089583
96.120833
96.479167
96.516667
96.547917
101.583333
101.618750
101.770833
101.814583
101.966667
102.014583
102.622917
102.660417
107.660417
107.689583
107.710417
108.175000
108.216667
108.437500
108.614583
108.645833
113.470833
113.841667
114.027083
114.525000
119.750000
120.200000
120.575000
120.747917
125.852083
126.266667
126.487500
126.964583
131.591667
131.958333
132.177083
132.210417
132.722917
137.475000
137.800000
138.033333
138.512500
138.535417
143.581250
143.875000
144.350000
144.522917
149.443750
149.768750
150.254167
150.431250
155.277083
155.614583
156.112500
156.300000
161.633333
161.652083
162.175000
162.416667
162.652083
162.677083
167.443750
167.927083
168.166667
168.420833
173.447917
173.870833
174.112500
174.339583
179.597917
179.956250
180.131250
180.643750
185.277083
185.645833
185.816667
186.343750
191.345833
191.702083
191.862500
192.410417
197.477083
197.672917
197.879167
198.433333
203.450000
203.650000
203.843750
204.410417
209.331250
209.543750
209.756250
210.391667
215.743750
215.895833
216.262500
216.818750
221.389583
221.537500
221.912500
222.400000
227.204167
227.345833
227.785417
228.277083
233.504167
234.037500
234.304167
234.472917
239.481250
239.991667
240.297917
240.435417
245.352083
245.856250
246.137500
246.304167
251.493750
251.760417
252.050000
252.543750
257.320833
257.547917
257.814583
258.370833
263.291667
263.531250
263.783333
264.354167
269.525000
269.662500
270.091667
270.635417
275.568750
281.495833
287.477083
287.902083
288.162500
288.422917
293.452083
293.960417
294.206250
294.487500
299.452083
299.914583
300.181250
300.443750
305.516667
305.683333
305.835417
306.481250
311.387500
311.541667
312.302083
317.397917
317.562500
317.735417
323.797917
329.589583
329.981250
335.591667
335.970833
336.589583
341.675000
342.435417
342.702083
348.156250
353.416667
359.681250
359.881250
360.250000
360.739583
365.489583
365.675000
366.062500
366.560417
371.320833
371.895833
372.410417
377.645833
378.106250
383.304167
383.795833
389.304167
390.364583
396.225000
396.658333
401.318750
401.587500
401.893750
402.402083
407.343750
407.564583
407.827083
408.237500
413.591667
414.041667
414.229167
414.550000
419.466667
419.737500
419.937500
420.281250
425.412500
425.797917
425.987500
426.477083
431.575000
431.835417
432.343750
432.539583
437.552083
437.881250
438.331250
438.568750
443.483333
443.770833
444.264583
444.477083
449.595833
450.329167
450.512500
455.387500
461.537500
462.047917
462.237500
462.397917
467.493750
468.220833
473.535417
474.068750
474.239583
479.862500
479.993750
485.531250
491.420833
491.825000
497.833333
503.668750
503.925000
504.295833
504.612500
509.506250
509.812500
510.206250
510.631250
515.702083
521.758333
522.531250
522.662500
527.620833
527.860417
528.339583
528.477083
533.729167
534.677083
539.770833
540.095833
545.912500
551.631250
552.364583
557.658333
558.441667
563.993750
564.627083
570.018750
570.168750
570.847917
571.012500
575.750000
575.895833
576.764583
581.641667
581.791667
582.252083
587.666667
587.812500
