0.000000
0.179167
0.214583
0.377083
0.412500
0.914583
0.964583
5.750000
5.956250
6.168750
6.693750
6.754167
11.770833
11.989583
12.218750
12.256250
12.693750
12.731250
12.758333
18.081250
18.266667
18.304167
18.797917
18.843750
19.110417
19.147917
23.772917
23.939583
23.972917
24.416667
24.458333
24.739583
24.783333
29.789583
29.968750
30.006250
30.458333
30.512500
30.822917
36.060417
36.245833
36.731250
37.114583
41.995833
42.179167
42.660417
43.052083
48.118750
48.287500
48.775000
49.154167
54.185417
54.689583
55.002083
55.304167
59.900000
60.218750
60.622917
60.962500
65.875000
66.193750
66.508333
66.860417
72.020833
72.068750
72.518750
72.556250
72.843750
73.008333
73.027083
77.908333
78.410417
78.731250
78.897917
83.766667
83.806250
84.262500
84.300000
84.612500
84.791667
89.985417
90.412500
90.779167
90.937500
95.758333
95.789583
96.193750
96.537500
96.722917
101.837500
102.281250
102.689583
102.847917
107.929167
108.304167
108.683333
108.972917
109.004167
113.829167
114.237500
114.620833
114.872917
120.025000
120.466667
120.875000
121.127083
126.189583
126.366667
127.093750
127.275000
132.135417
132.289583
132.887500
133.060417
138.006250
138.172917
138.739583
138.904167
143.981250
144.308333
144.758333
145.020833
149.812500
150.127083
150.568750
150.791667
155.768750
156.085417
156.493750
156.789583
161.950000
162.183333
162.837500
163.112500
167.808333
168.095833
168.683333
169.010417
173.687500
174.025000
174.564583
174.795833
179.964583
180.206250
180.683333
181.075000
185.868750
186.072917
186.489583
186.916667
191.900000
192.093750
192.568750
192.929167
197.966667
198.197917
198.575000
198.966667
203.843750
204.089583
204.516667
204.941667
209.816667
210.020833
210.452083
210.864583
216.064583
216.658333
216.814583
217.150000
222.039583
222.656250
222.812500
223.154167
227.995833
228.620833
228.772917
229.137500
233.916667
234.356250
234.781250
234.929167
239.893750
240.350000
240.752083
240.897917
245.918750
246.393750
246.793750
246.933333
251.850000
252.295833
252.464583
252.879167
257.995833
258.462500
258.685417
259.087500
263.927083
264.414583
264.629167
265.087500
269.906250
270.352083
271.095833
276.035417
276.481250
276.631250
277.054167
281.972917
282.485417
282.627083
283.012500
288.006250
288.160417
288.325000
289.039583
294.191667
294.358333
294.535417
295.183333
300.014583
300.183333
300.356250
301.035417
305.962500
306.304167
306.464583
306.937500
311.833333
312.225000
312.391667
312.816667
317.858333
318.214583
318.362500
318.860417
324.166667
324.831250
325.164583
330.025000
330.577083
330.877083
331.035417
335.895833
336.487500
336.791667
336.952083
341.677083
341.866667
342.360417
342.668750
347.689583
347.935417
348.420833
348.756250
353.645833
353.856250
354.339583
354.710417
359.937500
360.497917
360.675000
361.035417
365.931250
366.475000
366.654167
367.022917
372.018750
372.535417
372.697917
373.064583
377.989583
378.339583
378.620833
378.941667
383.818750
384.356250
384.908333
389.854167
390.377083
395.779167
396.322917
396.806250
402.370833
402.720833
413.933333
414.645833
414.987500
425.735417
426.022917
426.475000
426.835417
432.191667
438.752083
443.583333
444.045833
444.656250
449.595833
449.939583
450.158333
450.627083
455.691667
456.027083
456.208333
456.691667
461.856250
462.185417
462.377083
462.887500
467.875000
468.514583
468.777083
468.931250
473.783333
474.391667
474.641667
474.800000
479.666667
480.322917
480.527083
480.712500
485.841667
486.039583
486.437500
486.900000
492.435417
492.918750
498.814583
504.637500
510.783333
516.191667
516.608333
521.781250
522.891667
527.985417
528.410417
528.587500
528.987500
533.689583
534.175000
534.785417
539.560417
540.152083
540.566667
551.831250
552.158333
552.675000
557.729167
557.925000
558.552083
558.727083
563.620833
563.793750
564.393750
564.577083
569.541667
569.735417
570.320833
570.475000
575.797917
576.025000
576.597917
576.785417
581.704167
581.985417
582.452083
582.622917
587.662500
587.995833
588.460417
588.650000
