0.000000
0.000000
0.418750
0.579167
0.914583
5.733333
6.185417
6.387500
6.714583
11.702083
12.143750
12.312500
12.625000
18.093750
18.293750
18.789583
19.029167
23.881250
24.108333
24.570833
24.775000
29.829167
30.060417
30.472917
30.687500
35.995833
36.397917
36.587500
36.941667
41.806250
42.185417
42.362500
42.725000
47.793750
48.189583
48.343750
48.681250
53.960417
54.177083
54.395833
54.870833
59.931250
60.145833
60.372917
60.850000
65.860417
66.054167
66.300000
66.797917
72.083333
72.491667
72.620833
72.968750
77.679167
78.089583
78.216667
78.570833
83.706250
84.114583
84.241667
84.581250
90.018750
90.422917
90.758333
91.052083
95.687500
96.060417
96.368750
96.654167
101.650000
102.116667
102.391667
102.656250
108.062500
108.300000
108.564583
109.066667
114.018750
114.247917
114.514583
115.043750
119.877083
120.122917
120.393750
120.920833
120.941667
126.137500
126.337500
126.537500
126.945833
131.987500
132.172917
132.379167
132.879167
137.847917
138.050000
138.270833
138.747917
144.016667
144.197917
144.510417
144.956250
149.781250
149.983333
150.252083
150.716667
155.950000
156.166667
156.429167
156.900000
161.858333
162.191667
162.543750
162.875000
167.677083
167.995833
168.327083
168.662500
173.718750
174.070833
174.420833
174.741667
179.870833
180.400000
180.654167
180.908333
185.606250
186.081250
186.341667
186.604167
191.787500
192.289583
192.537500
192.768750
197.810417
198.131250
198.385417
198.731250
203.702083
204.045833
204.279167
204.627083
209.531250
209.866667
210.095833
210.441667
215.918750
216.075000
216.245833
216.802083
221.895833
222.037500
222.606250
227.614583
227.766667
227.904167
228.427083
233.620833
233.960417
234.077083
234.529167
239.604167
239.920833
240.041667
240.558333
245.497917
245.852083
245.981250
246.433333
251.710417
251.856250
252.220833
252.635417
257.687500
257.852083
258.202083
258.587500
263.668750
263.835417
264.150000
264.541667
269.637500
269.783333
270.047917
270.485417
275.837500
275.843750
275.993750
276.977083
277.225000
277.479167
281.716667
282.025000
282.418750
288.264583
288.602083
288.741667
293.743750
294.183333
294.591667
294.720833
299.941667
300.370833
300.779167
300.897917
306.352083
306.768750
306.908333
311.793750
312.212500
312.618750
312.756250
317.810417
318.204167
318.600000
318.731250
323.902083
324.262500
324.645833
324.852083
329.564583
329.900000
330.343750
330.545833
335.935417
336.377083
336.531250
341.852083
342.364583
342.712500
342.916667
348.166667
348.547917
348.750000
353.645833
354.097917
354.460417
354.631250
359.808333
360.220833
360.356250
360.656250
366.135417
366.285417
366.572917
371.718750
372.177083
372.322917
372.627083
377.860417
377.995833
378.397917
378.841667
383.916667
384.343750
384.762500
389.775000
390.179167
390.604167
395.875000
396.018750
396.539583
396.858333
401.902083
402.041667
402.618750
402.860417
407.910417
408.402083
408.706250
414.137500
414.412500
414.904167
419.860417
420.077083
420.370833
420.816667
425.722917
425.960417
426.233333
426.735417
431.841667
432.329167
432.658333
432.802083
438.387500
438.685417
438.839583
443.789583
444.262500
444.597917
444.768750
449.833333
450.220833
450.520833
450.781250
455.891667
456.277083
456.587500
456.835417
461.725000
462.093750
462.377083
462.622917
467.800000
468.041667
468.437500
468.814583
473.743750
473.975000
474.358333
474.693750
479.627083
479.837500
480.204167
480.602083
485.881250
486.035417
486.660417
486.820833
491.883333
492.031250
492.739583
492.902083
498.085417
498.747917
498.891667
503.868750
504.233333
504.362500
504.835417
509.722917
510.075000
510.214583
510.700000
516.143750
516.279167
516.768750
522.177083
522.783333
522.981250
527.931250
528.485417
528.683333
534.060417
534.737500
534.891667
540.050000
540.712500
540.900000
546.110417
546.641667
546.914583
551.837500
552.358333
552.633333
558.031250
558.564583
558.800000
558.954167
563.887500
564.464583
564.650000
564.843750
569.850000
570.441667
570.616667
570.814583
575.795833
575.931250
576.314583
576.731250
581.620833
581.760417
582.181250
582.541667
587.835417
588.272917
588.612500
