0.000000
0.263542
0.789583
1.000000
6.000000
6.263542
6.789583
7.000000
12.000000
12.263542
12.789583
13.000000
18.000000
18.368750
18.736458
19.000000
24.000000
24.368750
24.736458
25.000000
30.000000
30.368750
30.736458
31.000000
36.000000
36.420833
36.842708
37.000000
42.000000
42.420833
42.842708
43.000000
48.000000
48.420833
48.842708
49.000000
54.000000
54.368750
54.526042
55.000000
60.000000
60.368750
60.526042
61.000000
66.000000
66.368750
66.526042
67.000000
72.000000
72.210417
72.737500
73.000000
78.000000
78.210417
78.737500
79.000000
84.000000
84.210417
84.737500
85.000000
90.000000
90.368750
90.631250
91.000000
96.000000
96.368750
96.631250
97.000000
102.000000
102.368750
102.631250
103.000000
108.000000
108.158333
108.526042
109.000000
114.000000
114.158333
114.526042
115.000000
120.000000
120.158333
120.526042
121.000000
126.000000
126.315625
126.579167
127.000000
132.000000
132.315625
132.579167
133.000000
138.000000
138.315625
138.579167
139.000000
144.000000
144.210417
144.526042
145.000000
150.000000
150.210417
150.526042
151.000000
156.000000
156.210417
156.526042
157.000000
162.000000
162.158333
162.315625
163.000000
168.000000
168.158333
168.315625
169.000000
174.000000
174.158333
174.315625
175.000000
180.000000
180.420833
180.631250
181.000000
186.000000
186.420833
186.631250
187.000000
192.000000
192.420833
192.631250
193.000000
198.000000
198.527083
198.684375
199.000000
204.000000
204.527083
204.684375
205.000000
210.000000
210.527083
210.684375
211.000000
216.000000
216.158333
216.736458
217.000000
222.000000
222.158333
222.736458
223.000000
228.000000
228.158333
228.736458
229.000000
234.000000
234.263542
234.473958
235.000000
240.000000
240.263542
240.473958
241.000000
246.000000
246.263542
246.473958
247.000000
252.000000
252.579167
252.736458
253.000000
258.000000
258.579167
258.736458
259.000000
264.000000
264.579167
264.736458
265.000000
270.000000
270.158333
270.631250
271.000000
276.000000
276.158333
276.631250
277.000000
282.000000
282.158333
282.631250
283.000000
288.000000
288.632292
288.842708
289.000000
294.000000
294.632292
294.842708
295.000000
300.000000
300.632292
300.842708
301.000000
306.000000
306.473958
306.789583
307.000000
312.000000
312.473958
312.789583
313.000000
318.000000
318.473958
318.789583
319.000000
324.000000
324.579167
324.841667
325.000000
330.000000
330.579167
330.841667
331.000000
336.000000
336.579167
336.841667
337.000000
342.000000
342.315625
342.684375
343.000000
348.000000
348.315625
348.684375
349.000000
354.000000
354.315625
354.684375
355.000000
360.000000
360.210417
360.420833
361.000000
366.000000
366.210417
366.420833
367.000000
372.000000
372.210417
372.420833
373.000000
378.000000
378.315625
378.789583
379.000000
384.000000
384.315625
384.789583
385.000000
390.000000
390.315625
390.789583
391.000000
396.000000
396.527083
396.789583
397.000000
402.000000
402.527083
402.789583
403.000000
408.000000
408.527083
408.789583
409.000000
414.000000
414.210417
414.842708
415.000000
420.000000
420.210417
420.842708
421.000000
426.000000
426.210417
426.842708
427.000000
432.000000
432.158333
432.420833
433.000000
438.000000
438.158333
438.420833
439.000000
444.000000
444.158333
444.420833
445.000000
450.000000
450.315625
450.473958
451.000000
456.000000
456.315625
456.473958
457.000000
462.000000
462.315625
462.473958
463.000000
468.000000
468.210417
468.632292
469.000000
474.000000
474.210417
474.632292
475.000000
480.000000
480.210417
480.632292
481.000000
486.000000
486.368750
486.841667
487.000000
492.000000
492.368750
492.841667
493.000000
498.000000
498.368750
498.841667
499.000000
504.000000
504.158333
504.841667
505.000000
510.000000
510.158333
510.841667
511.000000
516.000000
516.158333
516.841667
517.000000
522.000000
522.263542
522.579167
523.000000
528.000000
528.263542
528.579167
529.000000
534.000000
534.263542
534.579167
535.000000
540.000000
540.263542
540.684375
541.000000
546.000000
546.263542
546.684375
547.000000
552.000000
552.263542
552.684375
553.000000
558.000000
558.420833
558.737500
559.000000
564.000000
564.420833
564.737500
565.000000
570.000000
570.420833
570.737500
571.000000
576.000000
576.473958
576.684375
577.000000
582.000000
582.473958
582.684375
583.000000
588.000000
588.473958
588.684375
589.000000
