0.000000
0.420833
0.631250
1.000000
6.000000
6.420833
6.631250
7.000000
12.000000
12.420833
12.631250
13.000000
18.000000
18.527083
18.684375
19.000000
24.000000
24.527083
24.684375
25.000000
30.000000
30.527083
30.684375
31.000000
36.000000
36.210417
36.632292
37.000000
42.000000
42.210417
42.632292
43.000000
48.000000
48.210417
48.632292
49.000000
54.000000
54.263542
54.789583
55.000000
60.000000
60.263542
60.789583
61.000000
66.000000
66.263542
66.789583
67.000000
72.000000
72.158333
72.420833
73.000000
78.000000
78.158333
78.420833
79.000000
84.000000
84.158333
84.420833
85.000000
90.000000
90.263542
90.473958
91.000000
96.000000
96.263542
96.473958
97.000000
102.000000
102.263542
102.473958
103.000000
108.000000
108.473958
108.789583
109.000000
114.000000
114.473958
114.789583
115.000000
120.000000
120.473958
120.789583
121.000000
126.000000
126.368750
126.631250
127.000000
132.000000
132.368750
132.631250
133.000000
138.000000
138.368750
138.631250
139.000000
144.000000
144.368750
144.841667
145.000000
150.000000
150.368750
150.841667
151.000000
156.000000
156.368750
156.841667
157.000000
162.000000
162.527083
162.789583
163.000000
168.000000
168.527083
168.789583
169.000000
174.000000
174.527083
174.789583
175.000000
180.000000
180.368750
180.526042
181.000000
186.000000
186.368750
186.526042
187.000000
192.000000
192.368750
192.526042
193.000000
198.000000
198.210417
198.420833
199.000000
204.000000
204.210417
204.420833
205.000000
210.000000
210.210417
210.420833
211.000000
216.000000
216.158333
216.526042
217.000000
222.000000
222.158333
222.526042
223.000000
228.000000
228.158333
228.526042
229.000000
234.000000
234.579167
234.841667
235.000000
240.000000
240.579167
240.841667
241.000000
246.000000
246.579167
246.841667
247.000000
252.000000
252.315625
252.579167
253.000000
258.000000
258.315625
258.579167
259.000000
264.000000
264.315625
264.579167
265.000000
270.000000
270.158333
270.631250
271.000000
276.000000
276.158333
276.631250
277.000000
282.000000
282.158333
282.631250
283.000000
288.000000
288.420833
288.737500
289.000000
294.000000
294.420833
294.737500
295.000000
300.000000
300.420833
300.737500
301.000000
306.000000
306.158333
306.315625
307.000000
312.000000
312.158333
312.315625
313.000000
318.000000
318.158333
318.315625
319.000000
324.000000
324.368750
324.736458
325.000000
330.000000
330.368750
330.736458
331.000000
336.000000
336.368750
336.736458
337.000000
342.000000
342.315625
342.684375
343.000000
348.000000
348.315625
348.684375
349.000000
354.000000
354.315625
354.684375
355.000000
360.000000
360.210417
360.526042
361.000000
366.000000
366.210417
366.526042
367.000000
372.000000
372.210417
372.526042
373.000000
378.000000
378.315625
378.473958
379.000000
384.000000
384.315625
384.473958
385.000000
390.000000
390.315625
390.473958
391.000000
396.000000
396.263542
396.579167
397.000000
402.000000
402.263542
402.579167
403.000000
408.000000
408.263542
408.579167
409.000000
414.000000
414.473958
414.684375
415.000000
420.000000
420.473958
420.684375
421.000000
426.000000
426.473958
426.684375
427.000000
432.000000
432.315625
432.789583
433.000000
438.000000
438.315625
438.789583
439.000000
444.000000
444.315625
444.789583
445.000000
450.000000
450.632292
450.842708
451.000000
456.000000
456.632292
456.842708
457.000000
462.000000
462.632292
462.842708
463.000000
468.000000
468.579167
468.736458
469.000000
474.000000
474.579167
474.736458
475.000000
480.000000
480.579167
480.736458
481.000000
486.000000
486.420833
486.842708
487.000000
492.000000
492.420833
492.842708
493.000000
498.000000
498.420833
498.842708
499.000000
504.000000
504.263542
504.684375
505.000000
510.000000
510.263542
510.684375
511.000000
516.000000
516.263542
516.684375
517.000000
522.000000
522.210417
522.842708
523.000000
528.000000
528.210417
528.842708
529.000000
534.000000
534.210417
534.842708
535.000000
540.000000
540.210417
540.737500
541.000000
546.000000
546.210417
546.737500
547.000000
552.000000
552.210417
552.737500
553.000000
558.000000
558.158333
558.841667
559.000000
564.000000
564.158333
564.841667
565.000000
570.000000
570.158333
570.841667
571.000000
576.000000
576.158333
576.736458
577.000000
582.000000
582.158333
582.736458
583.000000
588.000000
588.158333
588.736458
589.000000
