0.000000
0.158333
0.315625
1.000000
6.000000
6.158333
6.315625
7.000000
12.000000
12.158333
12.315625
13.000000
18.000000
18.210417
18.420833
19.000000
24.000000
24.210417
24.420833
25.000000
30.000000
30.210417
30.420833
31.000000
36.000000
36.473958
36.684375
37.000000
42.000000
42.473958
42.684375
43.000000
48.000000
48.473958
48.684375
49.000000
54.000000
54.158333
54.631250
55.000000
60.000000
60.158333
60.631250
61.000000
66.000000
66.158333
66.631250
67.000000
72.000000
72.315625
72.473958
73.000000
78.000000
78.315625
78.473958
79.000000
84.000000
84.315625
84.473958
85.000000
90.000000
90.420833
90.842708
91.000000
96.000000
96.420833
96.842708
97.000000
102.000000
102.420833
102.842708
103.000000
108.000000
108.420833
108.737500
109.000000
114.000000
114.420833
114.737500
115.000000
120.000000
120.420833
120.737500
121.000000
126.000000
126.210417
126.737500
127.000000
132.000000
132.210417
132.737500
133.000000
138.000000
138.210417
138.737500
139.000000
144.000000
144.315625
144.579167
145.000000
150.000000
150.315625
150.579167
151.000000
156.000000
156.315625
156.579167
157.000000
162.000000
162.315625
162.684375
163.000000
168.000000
168.315625
168.684375
169.000000
174.000000
174.315625
174.684375
175.000000
180.000000
180.158333
180.526042
181.000000
186.000000
186.158333
186.526042
187.000000
192.000000
192.158333
192.526042
193.000000
198.000000
198.420833
198.631250
199.000000
204.000000
204.420833
204.631250
205.000000
210.000000
210.420833
210.631250
211.000000
216.000000
216.579167
216.841667
217.000000
222.000000
222.579167
222.841667
223.000000
228.000000
228.579167
228.841667
229.000000
234.000000
234.368750
234.631250
235.000000
240.000000
240.368750
240.631250
241.000000
246.000000
246.368750
246.631250
247.000000
252.000000
252.263542
252.473958
253.000000
258.000000
258.263542
258.473958
259.000000
264.000000
264.263542
264.473958
265.000000
270.000000
270.368750
270.736458
271.000000
276.000000
276.368750
276.736458
277.000000
282.000000
282.368750
282.736458
283.000000
288.000000
288.527083
288.789583
289.000000
294.000000
294.527083
294.789583
295.000000
300.000000
300.527083
300.789583
301.000000
306.000000
306.158333
306.736458
307.000000
312.000000
312.158333
312.736458
313.000000
318.000000
318.158333
318.736458
319.000000
324.000000
324.368750
324.841667
325.000000
330.000000
330.368750
330.841667
331.000000
336.000000
336.368750
336.841667
337.000000
342.000000
342.158333
342.841667
343.000000
348.000000
348.158333
348.841667
349.000000
354.000000
354.158333
354.841667
355.000000
360.000000
360.315625
360.789583
361.000000
366.000000
366.315625
366.789583
367.000000
372.000000
372.315625
372.789583
373.000000
378.000000
378.210417
378.842708
379.000000
384.000000
384.210417
384.842708
385.000000
390.000000
390.210417
390.842708
391.000000
396.000000
396.368750
396.526042
397.000000
402.000000
402.368750
402.526042
403.000000
408.000000
408.368750
408.526042
409.000000
414.000000
414.210417
414.526042
415.000000
420.000000
420.210417
420.526042
421.000000
426.000000
426.210417
426.526042
427.000000
432.000000
432.263542
432.684375
433.000000
438.000000
438.263542
438.684375
439.000000
444.000000
444.263542
444.684375
445.000000
450.000000
450.210417
450.632292
451.000000
456.000000
456.210417
456.632292
457.000000
462.000000
462.210417
462.632292
463.000000
468.000000
468.473958
468.789583
469.000000
474.000000
474.473958
474.789583
475.000000
480.000000
480.473958
480.789583
481.000000
486.000000
486.527083
486.684375
487.000000
492.000000
492.527083
492.684375
493.000000
498.000000
498.527083
498.684375
499.000000
504.000000
504.263542
504.789583
505.000000
510.000000
510.263542
510.789583
511.000000
516.000000
516.263542
516.789583
517.000000
522.000000
522.632292
522.842708
523.000000
528.000000
528.632292
528.842708
529.000000
534.000000
534.632292
534.842708
535.000000
540.000000
540.263542
540.579167
541.000000
546.000000
546.263542
546.579167
547.000000
552.000000
552.263542
552.579167
553.000000
558.000000
558.158333
558.420833
559.000000
564.000000
564.158333
564.420833
565.000000
570.000000
570.158333
570.420833
571.000000
576.000000
576.579167
576.736458
577.000000
582.000000
582.579167
582.736458
583.000000
588.000000
588.579167
588.736458
589.000000
