0.000000
0.263542
0.789583
1.000000
6.000000
6.263542
6.789583
7.000000
12.000000
12.263542
12.789583
13.000000
18.000000
18.368750
18.631250
19.000000
24.000000
24.368750
24.631250
25.000000
30.000000
30.368750
30.631250
31.000000
36.000000
36.263542
36.684375
37.000000
42.000000
42.263542
42.684375
43.000000
48.000000
48.263542
48.684375
49.000000
54.000000
54.158333
54.315625
55.000000
60.000000
60.158333
60.315625
61.000000
66.000000
66.158333
66.315625
67.000000
72.000000
72.158333
72.631250
73.000000
78.000000
78.158333
78.631250
79.000000
84.000000
84.158333
84.631250
85.000000
90.000000
90.210417
90.420833
91.000000
96.000000
96.210417
96.420833
97.000000
102.000000
102.210417
102.420833
103.000000
108.000000
108.527083
108.684375
109.000000
114.000000
114.527083
114.684375
115.000000
120.000000
120.527083
120.684375
121.000000
126.000000
126.368750
126.736458
127.000000
132.000000
132.368750
132.736458
133.000000
138.000000
138.368750
138.736458
139.000000
144.000000
144.263542
144.473958
145.000000
150.000000
150.263542
150.473958
151.000000
156.000000
156.263542
156.473958
157.000000
162.000000
162.473958
162.684375
163.000000
168.000000
168.473958
168.684375
169.000000
174.000000
174.473958
174.684375
175.000000
180.000000
180.368750
180.841667
181.000000
186.000000
186.368750
186.841667
187.000000
192.000000
192.368750
192.841667
193.000000
198.000000
198.210417
198.842708
199.000000
204.000000
204.210417
204.842708
205.000000
210.000000
210.210417
210.842708
211.000000
216.000000
216.210417
216.632292
217.000000
222.000000
222.210417
222.632292
223.000000
228.000000
228.210417
228.632292
229.000000
234.000000
234.158333
234.420833
235.000000
240.000000
240.158333
240.420833
241.000000
246.000000
246.158333
246.420833
247.000000
252.000000
252.527083
252.789583
253.000000
258.000000
258.527083
258.789583
259.000000
264.000000
264.527083
264.789583
265.000000
270.000000
270.315625
270.473958
271.000000
276.000000
276.315625
276.473958
277.000000
282.000000
282.315625
282.473958
283.000000
288.000000
288.579167
288.841667
289.000000
294.000000
294.579167
294.841667
295.000000
300.000000
300.579167
300.841667
301.000000
306.000000
306.473958
306.789583
307.000000
312.000000
312.473958
312.789583
313.000000
318.000000
318.473958
318.789583
319.000000
324.000000
324.315625
324.684375
325.000000
330.000000
330.315625
330.684375
331.000000
336.000000
336.315625
336.684375
337.000000
342.000000
342.210417
342.526042
343.000000
348.000000
348.210417
348.526042
349.000000
354.000000
354.210417
354.526042
355.000000
360.000000
360.210417
360.737500
361.000000
366.000000
366.210417
366.737500
367.000000
372.000000
372.210417
372.737500
373.000000
378.000000
378.158333
378.736458
379.000000
384.000000
384.158333
384.736458
385.000000
390.000000
390.158333
390.736458
391.000000
396.000000
396.315625
396.579167
397.000000
402.000000
402.315625
402.579167
403.000000
408.000000
408.315625
408.579167
409.000000
414.000000
414.158333
414.526042
415.000000
420.000000
420.158333
420.526042
421.000000
426.000000
426.158333
426.526042
427.000000
432.000000
432.420833
432.737500
433.000000
438.000000
438.420833
438.737500
439.000000
444.000000
444.420833
444.737500
445.000000
450.000000
450.420833
450.631250
451.000000
456.000000
456.420833
456.631250
457.000000
462.000000
462.420833
462.631250
463.000000
468.000000
468.158333
468.841667
469.000000
474.000000
474.158333
474.841667
475.000000
480.000000
480.158333
480.841667
481.000000
486.000000
486.368750
486.526042
487.000000
492.000000
492.368750
492.526042
493.000000
498.000000
498.368750
498.526042
499.000000
504.000000
504.315625
504.789583
505.000000
510.000000
510.315625
510.789583
511.000000
516.000000
516.315625
516.789583
517.000000
522.000000
522.632292
522.842708
523.000000
528.000000
528.632292
528.842708
529.000000
534.000000
534.632292
534.842708
535.000000
540.000000
540.579167
540.736458
541.000000
546.000000
546.579167
546.736458
547.000000
552.000000
552.579167
552.736458
553.000000
558.000000
558.263542
558.579167
559.000000
564.000000
564.263542
564.579167
565.000000
570.000000
570.263542
570.579167
571.000000
576.000000
576.420833
576.842708
577.000000
582.000000
582.420833
582.842708
583.000000
588.000000
588.420833
588.842708
589.000000
