0.000000
0.210417
0.420833
1.000000
6.000000
6.210417
6.420833
7.000000
12.000000
12.210417
12.420833
13.000000
18.000000
18.158333
18.736458
19.000000
24.000000
24.158333
24.736458
25.000000
30.000000
30.158333
30.736458
31.000000
36.000000
36.158333
36.631250
37.000000
42.000000
42.158333
42.631250
43.000000
48.000000
48.158333
48.631250
49.000000
54.000000
54.315625
54.579167
55.000000
60.000000
60.315625
60.579167
61.000000
66.000000
66.315625
66.579167
67.000000
72.000000
72.473958
72.789583
73.000000
78.000000
78.473958
78.789583
79.000000
84.000000
84.473958
84.789583
85.000000
90.000000
90.368750
90.841667
91.000000
96.000000
96.368750
96.841667
97.000000
102.000000
102.368750
102.841667
103.000000
108.000000
108.368750
108.736458
109.000000
114.000000
114.368750
114.736458
115.000000
120.000000
120.368750
120.736458
121.000000
126.000000
126.158333
126.841667
127.000000
132.000000
132.158333
132.841667
133.000000
138.000000
138.158333
138.841667
139.000000
144.000000
144.315625
144.684375
145.000000
150.000000
150.315625
150.684375
151.000000
156.000000
156.315625
156.684375
157.000000
162.000000
162.263542
162.789583
163.000000
168.000000
168.263542
168.789583
169.000000
174.000000
174.263542
174.789583
175.000000
180.000000
180.210417
180.632292
181.000000
186.000000
186.210417
186.632292
187.000000
192.000000
192.210417
192.632292
193.000000
198.000000
198.263542
198.579167
199.000000
204.000000
204.263542
204.579167
205.000000
210.000000
210.263542
210.579167
211.000000
216.000000
216.579167
216.736458
217.000000
222.000000
222.579167
222.736458
223.000000
228.000000
228.579167
228.736458
229.000000
234.000000
234.420833
234.842708
235.000000
240.000000
240.420833
240.842708
241.000000
246.000000
246.420833
246.842708
247.000000
252.000000
252.420833
252.631250
253.000000
258.000000
258.420833
258.631250
259.000000
264.000000
264.420833
264.631250
265.000000
270.000000
270.368750
270.526042
271.000000
276.000000
276.368750
276.526042
277.000000
282.000000
282.368750
282.526042
283.000000
288.000000
288.158333
288.315625
289.000000
294.000000
294.158333
294.315625
295.000000
300.000000
300.158333
300.315625
301.000000
306.000000
306.315625
306.473958
307.000000
312.000000
312.315625
312.473958
313.000000
318.000000
318.315625
318.473958
319.000000
324.000000
324.579167
324.841667
325.000000
330.000000
330.579167
330.841667
331.000000
336.000000
336.579167
336.841667
337.000000
342.000000
342.210417
342.737500
343.000000
348.000000
348.210417
348.737500
349.000000
354.000000
354.210417
354.737500
355.000000
360.000000
360.527083
360.684375
361.000000
366.000000
366.527083
366.684375
367.000000
372.000000
372.527083
372.684375
373.000000
378.000000
378.420833
378.737500
379.000000
384.000000
384.420833
384.737500
385.000000
390.000000
390.420833
390.737500
391.000000
396.000000
396.527083
396.789583
397.000000
402.000000
402.527083
402.789583
403.000000
408.000000
408.527083
408.789583
409.000000
414.000000
414.263542
414.684375
415.000000
420.000000
420.263542
420.684375
421.000000
426.000000
426.263542
426.684375
427.000000
432.000000
432.368750
432.631250
433.000000
438.000000
438.368750
438.631250
439.000000
444.000000
444.368750
444.631250
445.000000
450.000000
450.263542
450.473958
451.000000
456.000000
456.263542
456.473958
457.000000
462.000000
462.263542
462.473958
463.000000
468.000000
468.632292
468.842708
469.000000
474.000000
474.632292
474.842708
475.000000
480.000000
480.632292
480.842708
481.000000
486.000000
486.210417
486.526042
487.000000
492.000000
492.210417
492.526042
493.000000
498.000000
498.210417
498.526042
499.000000
504.000000
504.158333
504.526042
505.000000
510.000000
510.158333
510.526042
511.000000
516.000000
516.158333
516.526042
517.000000
522.000000
522.473958
522.684375
523.000000
528.000000
528.473958
528.684375
529.000000
534.000000
534.473958
534.684375
535.000000
540.000000
540.158333
540.420833
541.000000
546.000000
546.158333
546.420833
547.000000
552.000000
552.158333
552.420833
553.000000
558.000000
558.210417
558.842708
559.000000
564.000000
564.210417
564.842708
565.000000
570.000000
570.210417
570.842708
571.000000
576.000000
576.315625
576.789583
577.000000
582.000000
582.315625
582.789583
583.000000
588.000000
588.315625
588.789583
589.000000
