0.000000
0.025000
0.158333
0.270833
0.285417
0.725000
6.091667
6.260417
6.285417
6.435417
6.456250
6.933333
6.960417
12.304167
12.331250
12.489583
12.641667
12.660417
13.189583
13.222917
18.352083
18.379167
19.020833
19.179167
19.300000
24.216667
24.256250
24.868750
24.902083
25.027083
25.158333
25.175000
30.316667
30.991667
31.145833
31.164583
31.293750
31.312500
36.166667
36.189583
36.429167
36.452083
36.589583
36.604167
37.079167
37.104167
42.304167
42.327083
42.554167
42.716667
43.256250
43.279167
48.210417
48.235417
48.514583
48.537500
48.670833
49.172917
54.289583
54.735417
54.756250
54.900000
55.304167
55.322917
60.183333
60.672917
60.695833
60.841667
61.264583
61.287500
66.220833
66.666667
66.687500
66.841667
66.858333
67.254167
72.187500
72.604167
73.022917
73.229167
78.262500
78.675000
78.695833
79.110417
79.131250
79.308333
84.170833
84.191667
84.556250
84.579167
84.947917
84.966667
85.139583
85.156250
90.204167
90.370833
90.389583
90.729167
90.752083
91.181250
91.206250
96.272917
96.443750
96.783333
96.804167
97.237500
97.258333
102.312500
102.495833
102.829167
103.304167
103.335417
108.268750
108.483333
108.506250
108.993750
109.016667
109.329167
114.306250
114.483333
114.500000
114.904167
114.925000
115.335417
115.354167
120.285417
120.308333
120.472917
120.491667
120.927083
120.952083
121.272917
121.289583
126.200000
126.220833
126.404167
126.422917
126.791667
126.808333
127.106250
127.122917
132.100000
132.120833
132.277083
132.708333
132.731250
133.064583
133.085417
138.164583
138.372917
138.393750
138.820833
139.168750
144.227083
144.412500
144.950000
145.168750
145.193750
150.272917
150.452083
150.468750
150.968750
151.175000
151.195833
156.202083
156.370833
156.895833
157.104167
162.116667
162.133333
162.487500
162.504167
162.654167
162.670833
163.108333
163.127083
168.306250
168.700000
168.718750
168.872917
169.347917
169.368750
174.106250
174.122917
174.477083
174.495833
174.647917
174.664583
175.052083
175.075000
180.241667
180.264583
180.714583
180.743750
181.116667
181.143750
181.281250
181.304167
186.258333
186.745833
187.139583
187.285417
192.318750
192.339583
192.822917
193.202083
193.358333
198.235417
198.260417
198.533333
198.558333
198.856250
198.885417
199.160417
199.187500
199.204167
204.289583
204.312500
204.606250
204.631250
204.931250
204.960417
205.272917
205.302083
210.272917
210.308333
210.604167
210.635417
210.941667
210.975000
211.306250
211.343750
216.162500
216.379167
216.404167
216.629167
216.656250
217.137500
217.170833
222.272917
222.297917
222.500000
222.529167
222.750000
222.777083
223.241667
223.266667
228.385417
228.406250
228.602083
228.864583
228.891667
229.368750
229.400000
234.154167
234.445833
234.472917
234.958333
234.985417
235.254167
235.279167
240.081250
240.366667
240.397917
240.852083
241.139583
241.160417
246.333333
246.604167
247.108333
247.400000
247.425000
252.066667
252.243750
252.260417
252.712500
252.883333
252.900000
258.106250
258.291667
258.802083
258.822917
259.122917
259.139583
264.147917
264.339583
264.358333
264.802083
264.991667
270.258333
270.733333
271.152083
271.168750
271.316667
276.285417
276.304167
276.775000
277.166667
277.327083
282.229167
282.254167
282.722917
283.158333
283.179167
283.314583
288.162500
288.193750
288.412500
288.443750
288.904167
288.943750
289.179167
289.208333
294.358333
294.389583
294.622917
294.647917
295.139583
295.166667
295.410417
295.433333
300.312500
300.566667
300.591667
301.041667
301.070833
301.331250
301.360417
306.389583
306.414583
306.629167
306.887500
307.400000
307.441667
312.358333
312.387500
312.606250
312.637500
312.856250
312.891667
313.368750
313.400000
318.368750
318.393750
318.608333
318.637500
318.862500
319.366667
319.406250
324.139583
324.168750
324.645833
324.833333
325.052083
325.075000
330.020833
330.045833
330.529167
330.554167
330.710417
330.937500
330.962500
336.043750
336.066667
336.562500
336.766667
337.008333
337.033333
342.141667
342.166667
342.564583
342.595833
342.768750
342.793750
343.202083
343.231250
348.116667
348.160417
348.581250
348.622917
348.779167
348.806250
349.166667
349.206250
354.185417
354.616667
354.645833
354.827083
354.856250
355.302083
355.331250
360.214583
360.243750
360.564583
360.922917
360.945833
361.252083
361.272917
366.252083
366.275000
366.560417
366.595833
366.879167
366.912500
367.235417
367.264583
372.089583
372.114583
372.400000
372.429167
372.718750
372.747917
373.131250
373.162500
378.054167
378.087500
378.437500
378.468750
378.633333
379.097917
384.156250
384.189583
384.489583
384.516667
384.670833
384.693750
385.125000
385.158333
390.170833
390.537500
390.566667
390.737500
390.762500
391.183333
396.206250
396.668750
396.693750
396.829167
397.160417
397.183333
402.241667
402.260417
402.706250
402.927083
402.958333
403.343750
403.368750
408.164583
408.187500
408.633333
408.664583
408.825000
408.852083
409.229167
409.262500
414.031250
414.210417
414.229167
414.414583
414.435417
415.056250
415.075000
420.191667
420.214583
420.364583
420.387500
420.547917
420.570833
421.045833
421.070833
426.154167
426.179167
426.354167
426.383333
426.554167
426.583333
427.202083
427.227083
432.281250
432.308333
432.793750
433.022917
433.047917
433.516667
433.550000
438.262500
438.283333
438.747917
438.772917
438.927083
439.322917
439.350000
444.164583
444.197917
444.620833
444.816667
444.845833
445.235417
445.262500
450.272917
450.766667
450.945833
451.229167
451.254167
456.258333
456.752083
456.775000
456.962500
457.214583
457.241667
462.320833
462.337500
462.816667
462.835417
463.043750
463.068750
463.397917
463.429167
468.129167
468.160417
468.583333
468.610417
469.020833
469.041667
469.233333
469.256250
474.125000
474.529167
474.550000
474.975000
475.004167
475.179167
475.204167
480.168750
480.187500
480.604167
480.631250
481.060417
481.087500
481.270833
481.293750
486.108333
486.133333
486.700000
486.843750
487.137500
492.033333
492.058333
492.614583
492.639583
492.789583
493.064583
493.091667
498.272917
498.931250
499.116667
499.447917
499.472917
504.287500
504.316667
504.625000
504.656250
505.166667
505.200000
505.381250
505.412500
510.125000
510.147917
510.439583
510.464583
511.002083
511.033333
511.154167
511.181250
516.087500
516.108333
516.429167
516.458333
516.914583
517.043750
522.177083
522.356250
522.845833
523.256250
528.285417
528.312500
528.464583
528.954167
529.381250
529.400000
534.197917
534.220833
534.360417
534.381250
534.800000
534.829167
535.187500
535.218750
540.108333
540.129167
540.258333
540.275000
540.525000
541.031250
541.058333
546.162500
546.316667
546.345833
546.645833
547.120833
547.156250
552.354167
552.502083
552.810417
552.843750
553.293750
553.327083
558.185417
558.214583
558.372917
558.400000
558.683333
558.718750
559.156250
559.206250
564.193750
564.220833
564.368750
564.391667
564.685417
564.718750
565.166667
565.208333
570.095833
570.125000
570.289583
570.325000
570.622917
570.656250
570.995833
571.027083
576.056250
576.083333
576.293750
576.318750
576.777083
576.933333
576.958333
582.137500
582.170833
582.408333
582.437500
582.900000
582.933333
583.062500
588.166667
588.191667
588.402083
588.433333
588.893750
589.054167
