0.000000
0.431250
0.660417
0.904167
5.929167
6.422917
6.647917
6.893750
11.904167
12.406250
12.629167
12.862500
18.108333
18.545833
18.783333
19.191667
23.852083
24.220833
24.437500
24.835417
30.106250
30.570833
30.818750
31.056250
36.050000
36.577083
36.972917
37.120833
41.979167
42.483333
42.864583
43.004167
47.945833
48.433333
48.820833
48.993750
54.481250
54.758333
54.972917
55.429167
59.895833
60.233333
60.431250
60.877083
65.891667
66.220833
66.408333
66.883333
66.883333
72.193750
72.368750
72.572917
73.058333
77.885417
78.052083
78.256250
78.814583
84.093750
84.256250
84.454167
84.941667
90.372917
90.808333
90.962500
91.287500
96.018750
96.491667
96.662500
96.664583
97.006250
102.160417
102.641667
102.814583
103.177083
108.100000
108.450000
108.820833
109.058333
113.893750
114.237500
114.629167
114.885417
119.910417
120.252083
120.604167
120.847917
125.914583
126.152083
126.404167
126.889583
131.925000
132.179167
132.433333
132.941667
137.883333
138.131250
138.385417
138.916667
144.097917
144.247917
144.708333
145.062500
149.606250
149.754167
150.154167
150.502083
155.718750
155.866667
156.266667
156.647917
161.914583
162.122917
162.604167
162.833333
167.895833
168.104167
168.645833
168.860417
173.983333
174.189583
174.672917
174.900000
174.981250
180.162500
180.352083
180.554167
181.022917
185.966667
186.170833
186.393750
186.920833
192.304167
192.502083
192.712500
193.272917
198.487500
199.012500
199.220833
199.443750
203.947917
204.460417
204.677083
204.910417
209.920833
210.410417
210.620833
210.839583
215.968750
216.335417
216.662500
217.022917
221.760417
222.104167
222.406250
222.785417
227.589583
227.912500
228.197917
228.608333
233.987500
234.429167
234.891667
235.110417
239.881250
240.239583
240.666667
240.910417
246.152083
246.483333
246.872917
247.091667
252.033333
252.485417
252.852083
252.997917
257.964583
258.447917
258.802083
258.933333
263.893750
264.383333
264.758333
264.922917
270.127083
270.302083
270.779167
271.031250
276.012500
276.158333
276.639583
276.900000
282.472917
282.656250
283.260417
283.495833
288.200000
288.360417
288.754167
289.272917
294.406250
294.591667
294.995833
295.489583
300.287500
300.464583
300.879167
301.364583
305.987500
306.370833
306.770833
307.135417
312.022917
312.270833
312.693750
313.077083
318.018750
318.275000
318.668750
319.012500
324.235417
324.468750
324.922917
325.285417
330.264583
330.485417
330.910417
331.229167
336.125000
336.356250
336.760417
337.120833
342.081250
342.341667
342.816667
343.066667
347.860417
348.120833
348.606250
348.870833
353.927083
354.189583
354.683333
354.952083
360.295833
360.552083
361.193750
361.339583
366.054167
366.302083
366.897917
367.025000
372.072917
372.354167
372.985417
373.139583
378.195833
378.502083
379.127083
379.316667
384.081250
384.435417
385.010417
385.202083
390.047917
390.372917
390.970833
391.139583
396.106250
396.543750
396.987500
397.204167
402.152083
402.597917
403.058333
403.283333
408.212500
408.668750
409.097917
409.320833
414.247917
414.483333
414.714583
415.218750
420.018750
420.264583
420.504167
421.025000
425.912500
426.150000
426.393750
426.895833
432.343750
432.939583
433.114583
433.312500
438.014583
438.750000
438.912500
439.093750
443.964583
444.633333
444.810417
444.995833
450.022917
450.389583
450.575000
450.964583
455.960417
456.325000
456.525000
456.914583
462.322917
462.704167
462.904167
463.300000
468.202083
468.706250
468.937500
469.179167
473.960417
474.483333
474.720833
474.966667
479.970833
480.466667
480.725000
480.968750
486.085417
486.377083
486.535417
487.000000
492.022917
492.279167
492.437500
492.906250
498.085417
498.381250
498.564583
499.081250
504.012500
504.260417
504.675000
505.058333
509.950000
510.158333
510.575000
511.004167
516.122917
516.341667
516.745833
517.143750
522.097917
522.537500
522.702083
523.097917
528.158333
528.541667
528.710417
529.108333
534.343750
534.762500
534.945833
535.343750
540.400000
541.041667
541.193750
541.370833
546.004167
546.697917
546.845833
547.027083
551.979167
552.668750
552.829167
552.997917
558.139583
558.327083
558.729167
559.141667
564.083333
564.279167
564.722917
565.102083
569.985417
570.154167
570.572917
571.000000
576.006250
576.400000
576.758333
577.033333
582.027083
582.372917
582.714583
583.008333
587.891667
588.272917
588.625000
588.916667
