0.000000
0.618750
0.758333
0.918750
5.991667
6.564583
6.722917
6.883333
12.243750
12.831250
12.985417
13.160417
18.131250
18.325000
18.847917
19.075000
24.060417
24.245833
24.789583
25.037500
30.000000
30.200000
30.741667
30.968750
36.152083
36.406250
36.891667
37.393750
42.012500
42.243750
42.750000
43.245833
48.068750
48.293750
48.772917
49.239583
54.343750
54.858333
55.156250
55.314583
60.229167
60.722917
61.047917
61.204167
66.243750
66.743750
67.068750
67.225000
72.560417
72.852083
73.020833
73.554167
78.297917
78.593750
78.756250
79.268750
84.268750
84.562500
84.729167
85.266667
90.610417
90.825000
91.368750
91.704167
96.064583
96.306250
96.831250
97.225000
102.033333
102.241667
102.779167
103.231250
108.050000
108.225000
108.766667
109.158333
114.018750
114.193750
114.722917
115.125000
120.002083
120.204167
120.731250
121.150000
126.243750
126.820833
127.145833
127.495833
132.162500
132.618750
132.887500
133.289583
138.150000
138.625000
138.885417
139.264583
144.235417
144.725000
145.060417
145.245833
150.283333
150.818750
151.158333
151.335417
156.300000
156.808333
157.137500
157.306250
162.283333
162.622917
162.797917
163.316667
168.297917
168.629167
168.804167
169.350000
174.468750
174.791667
174.985417
175.506250
180.170833
180.414583
180.643750
181.183333
186.300000
186.566667
186.789583
187.277083
192.310417
192.577083
192.766667
193.308333
198.277083
198.527083
198.758333
199.308333
204.283333
204.560417
204.791667
205.343750
210.281250
210.533333
210.741667
211.318750
216.300000
216.760417
216.925000
217.337500
222.079167
222.547917
222.702083
223.062500
228.095833
228.625000
228.785417
229.160417
234.183333
234.433333
234.985417
235.222917
240.127083
240.368750
240.989583
241.247917
246.050000
246.272917
246.891667
247.143750
252.314583
252.885417
253.141667
253.435417
258.235417
258.756250
259.031250
259.306250
264.260417
264.779167
265.043750
265.304167
270.293750
270.527083
271.058333
271.216667
276.093750
276.345833
276.968750
277.139583
282.120833
282.389583
282.985417
283.164583
288.375000
288.804167
289.275000
289.506250
294.143750
294.572917
295.072917
295.291667
300.237500
300.675000
301.135417
301.358333
306.312500
306.672917
306.995833
307.343750
312.114583
312.439583
312.797917
313.191667
318.170833
318.506250
318.835417
319.214583
324.320833
324.945833
325.187500
325.477083
330.154167
330.843750
331.027083
331.370833
336.314583
336.952083
337.143750
337.466667
342.258333
342.656250
343.235417
343.468750
348.177083
348.554167
349.100000
349.352083
354.120833
354.500000
355.027083
355.256250
360.602083
360.831250
361.310417
361.858333
365.879167
366.114583
366.568750
367.200000
371.904167
372.120833
372.602083
373.135417
377.920833
378.083333
378.593750
379.064583
383.995833
384.179167
384.695833
385.164583
389.937500
390.112500
390.604167
391.087500
395.918750
396.425000
396.637500
397.141667
401.935417
402.414583
402.606250
403.075000
408.143750
408.585417
408.768750
409.175000
414.197917
414.816667
414.997917
415.291667
420.135417
420.743750
420.935417
421.193750
426.083333
426.660417
426.839583
427.108333
432.133333
432.793750
432.995833
433.306250
438.087500
438.731250
438.916667
439.220833
444.129167
444.743750
444.952083
445.310417
450.108333
450.264583
450.489583
451.027083
455.939583
456.114583
456.354167
456.958333
462.066667
462.245833
462.470833
462.987500
467.950000
468.214583
468.825000
469.127083
473.966667
474.202083
474.777083
475.052083
480.075000
480.318750
480.872917
481.145833
486.052083
486.227083
486.597917
487.172917
491.900000
492.068750
492.370833
492.935417
497.931250
498.095833
498.416667
499.018750
504.150000
504.495833
505.072917
505.247917
510.166667
510.481250
511.029167
511.222917
516.410417
516.745833
517.281250
517.456250
522.150000
522.504167
523.035417
523.297917
528.100000
528.400000
528.927083
529.162500
534.118750
534.383333
534.897917
535.150000
540.168750
540.510417
540.877083
541.229167
546.062500
546.406250
546.768750
547.137500
551.997917
552.331250
552.691667
553.054167
558.033333
558.270833
558.412500
559.070833
564.185417
564.456250
564.602083
565.208333
570.083333
570.354167
570.504167
571.125000
576.177083
576.620833
576.787500
577.375000
581.918750
582.414583
582.575000
583.033333
588.135417
588.652083
588.829167
589.229167
