0.000000
0.154167
0.772917
1.022917
5.995833
6.202083
6.870833
7.077083
11.964583
12.147917
12.737500
12.912500
18.106250
18.154167
18.562500
18.981250
19.272917
24.054167
24.095833
24.460417
24.900000
25.222917
30.033333
30.077083
30.460417
30.897917
31.164583
31.218750
36.025000
36.056250
36.629167
36.831250
36.872917
37.062500
37.108333
42.110417
42.137500
42.162500
42.768750
42.981250
43.016667
43.239583
43.272917
48.062500
48.668750
48.716667
48.889583
49.131250
49.166667
53.962500
54.222917
54.775000
54.814583
55.018750
60.110417
60.381250
61.058333
61.275000
65.943750
66.133333
66.162500
66.804167
66.804167
66.979167
66.979167
67.018750
72.056250
72.741667
72.929167
73.131250
73.166667
78.031250
78.714583
78.893750
78.937500
79.120833
83.881250
84.625000
84.822917
85.033333
85.064583
89.975000
90.247917
90.985417
91.170833
96.060417
96.341667
97.031250
97.225000
97.272917
101.956250
102.306250
102.966667
103.141667
108.091667
108.493750
108.543750
108.920833
109.239583
109.268750
109.289583
114.031250
114.525000
114.995833
115.320833
115.362500
119.956250
120.350000
120.754167
121.131250
126.185417
126.416667
126.687500
126.729167
127.387500
127.435417
132.233333
132.452083
132.702083
132.737500
133.295833
137.962500
138.172917
138.406250
138.443750
139.006250
144.043750
144.245833
144.743750
145.225000
149.972917
150.139583
150.172917
150.589583
151.070833
155.866667
156.037500
156.064583
156.458333
156.891667
161.964583
162.406250
162.608333
162.645833
163.070833
167.879167
168.289583
168.502083
168.977083
173.862500
174.327083
174.516667
174.552083
174.962500
179.939583
180.368750
180.560417
181.018750
185.822917
186.258333
186.450000
186.489583
186.864583
191.825000
192.214583
192.416667
192.450000
192.808333
198.012500
198.620833
198.772917
198.945833
198.972917
203.847917
204.543750
204.550000
204.710417
204.885417
204.920833
209.860417
210.556250
210.729167
210.972917
215.870833
216.316667
216.514583
216.954167
221.872917
222.379167
222.566667
223.014583
227.827083
228.366667
228.550000
228.972917
233.950000
233.987500
234.325000
234.781250
234.818750
235.022917
235.054167
239.906250
240.181250
240.697917
240.925000
240.958333
245.864583
245.900000
246.197917
246.231250
246.679167
246.902083
246.922917
251.916667
252.150000
252.681250
252.954167
257.764583
258.025000
258.060417
258.564583
258.595833
258.835417
258.860417
263.908333
264.166667
264.706250
264.970833
265.002083
269.870833
270.054167
270.631250
270.954167
276.029167
276.229167
276.883333
277.200000
282.175000
282.360417
282.891667
283.147917
283.177083
287.922917
287.925000
288.312500
288.795833
289.016667
289.054167
293.875000
294.245833
294.662500
294.872917
299.931250
300.322917
300.772917
300.964583
300.993750
306.002083
306.002083
306.554167
306.735417
307.166667
312.181250
312.754167
312.952083
313.356250
318.012500
318.539583
318.737500
319.145833
323.866667
323.866667
323.893750
324.410417
324.618750
324.958333
324.960417
329.862500
330.400000
330.593750
330.627083
330.983333
335.906250
336.464583
336.658333
336.691667
337.041667
341.956250
342.579167
342.791667
343.222917
347.908333
348.504167
348.700000
349.081250
354.062500
354.595833
354.791667
355.177083
360.054167
360.289583
360.764583
360.997917
365.981250
366.006250
366.218750
366.250000
366.583333
366.872917
366.902083
371.900000
372.156250
372.543750
372.818750
372.858333
378.214583
378.435417
378.600000
379.395833
379.416667
384.166667
384.387500
384.558333
385.085417
390.116667
390.350000
390.508333
391.043750
396.120833
396.375000
396.631250
396.664583
397.193750
402.527083
402.762500
402.800000
402.995833
403.025000
403.479167
403.516667
408.697917
408.700000
408.927083
408.968750
409.172917
409.677083
414.420833
414.641667
414.829167
414.852083
415.302083
420.729167
420.950000
421.135417
421.166667
421.658333
421.697917
426.312500
426.345833
426.510417
426.708333
426.714583
426.729167
427.187500
427.191667
427.216667
432.266667
432.785417
432.785417
433.229167
433.408333
433.431250
438.277083
438.789583
439.266667
439.445833
439.472917
444.229167
444.270833
444.708333
445.175000
445.179167
445.356250
445.393750
450.354167
450.664583
451.008333
451.054167
451.335417
451.360417
451.379167
456.391667
456.435417
456.702083
456.733333
457.014583
457.054167
457.343750
457.366667
462.364583
462.668750
463.008333
463.345833
463.395833
468.362500
468.547917
468.743750
468.745833
469.293750
474.333333
474.368750
474.535417
474.725000
474.725000
474.743750
475.202083
475.225000
480.352083
480.539583
480.583333
480.718750
480.741667
481.189583
486.214583
486.747917
486.747917
487.187500
487.381250
487.416667
492.162500
492.664583
493.139583
493.320833
498.235417
498.708333
499.181250
499.181250
499.360417
499.389583
499.391667
504.133333
504.137500
504.158333
504.350000
504.370833
504.870833
504.897917
505.120833
505.137500
510.081250
510.081250
510.285417
510.287500
510.835417
510.837500
511.110417
511.110417
516.129167
516.337500
516.368750
516.831250
516.879167
517.064583
517.066667
517.089583
517.108333
522.075000
522.272917
522.306250
522.710417
522.991667
528.108333
528.304167
528.795833
528.795833
529.058333
533.950000
534.162500
534.647917
534.900000
534.900000
540.029167
540.220833
540.635417
540.866667
546.060417
546.233333
546.262500
546.422917
546.441667
546.893750
551.856250
551.893750
552.031250
552.052083
552.437500
552.785417
557.910417
558.125000
558.593750
558.831250
564.027083
564.216667
564.654167
564.883333
570.087500
570.120833
570.272917
570.291667
570.718750
570.756250
570.929167
570.947917
576.112500
576.581250
576.995833
577.166667
577.168750
582.154167
582.610417
583.050000
583.216667
583.239583
583.243750
588.172917
588.633333
589.031250
589.191667
589.212500
