0.000000
0.268750
0.758333
1.027083
5.789583
6.027083
6.556250
6.816667
11.745833
12.004167
12.543750
12.804167
18.060417
18.512500
18.666667
18.829167
23.897917
24.377083
24.550000
24.822917
30.006250
30.500000
30.668750
30.958333
36.156250
36.158333
36.606250
36.770833
37.122917
42.210417
42.631250
42.816667
43.154167
48.145833
48.579167
48.739583
49.060417
53.970833
54.152083
54.683333
54.970833
60.156250
60.325000
60.833333
61.022917
66.104167
66.260417
66.864583
67.054167
71.827083
72.018750
72.416667
72.812500
77.964583
78.122917
78.535417
78.958333
83.783333
83.920833
83.966667
84.370833
84.820833
89.981250
90.279167
90.425000
90.762500
96.033333
96.362500
96.522917
96.895833
102.056250
102.345833
102.537500
103.056250
107.900000
108.247917
108.677083
109.079167
113.935417
114.264583
114.641667
114.991667
119.952083
120.145833
120.579167
121.033333
126.150000
126.575000
126.770833
127.187500
131.783333
132.187500
132.393750
132.395833
132.831250
138.006250
138.437500
138.647917
139.087500
143.954167
144.129167
144.291667
144.954167
150.239583
150.377083
151.025000
151.025000
151.027083
156.035417
156.216667
156.387500
157.033333
162.081250
162.289583
162.858333
163.060417
168.066667
168.300000
168.881250
169.066667
174.114583
174.322917
174.904167
175.095833
180.235417
180.750000
180.937500
181.283333
186.441667
187.022917
187.222917
187.402083
192.581250
193.137500
193.327083
193.522917
198.266667
198.460417
198.908333
199.333333
204.241667
204.429167
204.820833
205.222917
210.045833
210.235417
210.702083
211.137500
215.902083
216.064583
216.477083
216.964583
222.168750
222.352083
222.768750
223.181250
228.091667
228.272917
228.633333
229.164583
233.960417
234.475000
234.739583
235.010417
239.785417
240.222917
240.512500
240.820833
245.970833
246.437500
246.710417
247.025000
251.989583
252.254167
252.500000
252.962500
257.937500
258.179167
258.420833
258.910417
263.925000
264.175000
264.439583
264.954167
269.995833
270.266667
270.775000
270.912500
276.156250
276.447917
277.066667
277.233333
282.114583
282.402083
282.981250
283.139583
288.343750
288.518750
288.695833
289.289583
294.250000
294.466667
294.641667
295.333333
300.310417
300.491667
300.668750
301.325000
306.077083
306.608333
306.883333
307.164583
311.941667
312.452083
312.716667
312.985417
317.960417
318.475000
318.743750
318.995833
324.087500
324.487500
324.658333
325.043750
330.083333
330.497917
330.670833
330.675000
331.072917
336.127083
336.537500
336.704167
337.068750
342.245833
342.529167
342.922917
348.264583
348.539583
349.000000
354.216667
354.481250
354.912500
359.908333
360.381250
360.818750
360.964583
365.918750
366.435417
366.866667
371.860417
372.360417
372.793750
372.962500
377.991667
378.183333
378.533333
378.939583
383.881250
384.097917
384.497917
384.879167
390.027083
390.189583
390.566667
390.987500
395.947917
396.368750
396.768750
397.083333
402.008333
402.420833
402.818750
403.166667
407.952083
408.343750
408.837500
409.010417
413.983333
414.275000
414.820833
415.102083
419.914583
420.193750
420.770833
421.075000
425.916667
426.202083
426.739583
427.020833
431.839583
432.237500
432.625000
432.833333
437.885417
438.287500
438.675000
438.929167
443.875000
444.254167
444.631250
444.860417
449.995833
450.337500
450.847917
450.995833
455.902083
456.231250
456.729167
456.912500
461.958333
462.254167
462.693750
462.864583
468.066667
468.477083
468.910417
469.241667
473.966667
474.320833
474.637500
474.904167
479.829167
480.191667
480.500000
480.781250
486.154167
486.672917
486.939583
487.191667
491.827083
492.214583
492.408333
492.822917
497.954167
498.454167
498.643750
498.977083
504.008333
504.433333
504.664583
504.995833
509.891667
510.364583
510.545833
510.914583
515.850000
516.241667
516.435417
516.897917
521.939583
522.479167
522.877083
523.041667
527.837500
528.333333
528.720833
528.912500
533.862500
534.322917
534.691667
534.862500
534.866667
539.939583
540.668750
540.814583
545.883333
546.614583
546.777083
546.947917
551.979167
552.693750
552.843750
553.050000
557.981250
558.164583
558.481250
558.910417
564.025000
564.193750
564.593750
565.037500
570.106250
570.262500
570.641667
571.064583
575.916667
576.302083
576.654167
577.018750
581.775000
582.060417
582.435417
582.766667
587.847917
588.175000
588.543750
588.883333
