0.000000
0.375000
0.541667
0.904167
5.866667
6.293750
6.464583
6.858333
11.981250
12.462500
12.618750
13.012500
17.839583
18.091667
18.358333
18.845833
23.893750
24.145833
24.420833
24.943750
29.916667
30.160417
30.414583
30.977083
35.693750
35.847917
36.516667
36.689583
41.697917
41.850000
42.564583
42.775000
48.029167
48.189583
48.881250
49.052083
53.977083
54.162500
54.366667
55.095833
59.950000
60.118750
60.302083
61.143750
65.925000
66.110417
66.295833
67.070833
71.812500
72.068750
72.629167
72.879167
77.731250
77.968750
78.475000
78.716667
84.016667
84.258333
84.756250
85.000000
89.791667
90.058333
90.379167
90.710417
95.958333
96.239583
96.552083
96.856250
101.752083
102.054167
102.400000
102.693750
107.777083
108.012500
108.435417
108.820833
113.825000
114.075000
114.506250
114.893750
119.772917
120.037500
120.460417
120.860417
125.770833
125.929167
126.277083
126.845833
131.789583
131.960417
132.310417
132.829167
137.852083
137.997917
138.016667
138.314583
138.906250
138.943750
143.889583
144.341667
144.725000
144.931250
150.214583
150.700000
151.147917
151.352083
155.956250
155.977083
156.439583
156.460417
156.839583
156.864583
157.016667
157.037500
161.847917
162.135417
162.300000
162.908333
167.858333
167.889583
168.272917
168.447917
168.929167
173.827083
173.856250
174.102083
174.266667
174.893750
179.804167
180.018750
180.483333
181.000000
185.945833
186.143750
186.589583
187.056250
191.972917
191.995833
192.179167
192.197917
192.610417
193.104167
197.839583
198.627083
198.781250
198.908333
203.877083
204.708333
204.862500
205.018750
209.800000
209.837500
210.579167
210.737500
210.889583
216.006250
216.037500
216.504167
216.535417
216.858333
217.027083
217.054167
221.956250
222.464583
222.497917
222.833333
223.025000
227.785417
227.827083
228.283333
228.627083
228.822917
233.881250
234.160417
234.677083
234.850000
239.829167
240.129167
240.162500
240.660417
240.820833
240.841667
245.854167
246.158333
246.689583
246.860417
246.881250
251.814583
251.843750
252.033333
252.064583
252.279167
252.843750
257.875000
258.095833
258.116667
258.325000
258.847917
263.802083
263.835417
264.029167
264.256250
264.845833
264.879167
269.750000
270.129167
270.283333
270.306250
270.797917
270.833333
275.760417
276.129167
276.287500
276.314583
276.747917
281.850000
281.887500
282.254167
282.404167
282.425000
282.872917
282.897917
287.808333
288.066667
288.233333
288.260417
288.964583
288.997917
293.825000
294.047917
294.189583
294.206250
294.870833
294.900000
299.866667
300.104167
300.258333
300.283333
300.922917
300.952083
306.454167
306.618750
306.643750
306.818750
311.852083
311.881250
312.470833
312.641667
312.845833
317.866667
317.895833
318.458333
318.495833
318.643750
318.668750
318.847917
323.758333
323.802083
323.995833
324.485417
324.725000
324.762500
329.706250
329.945833
330.435417
330.672917
335.731250
335.768750
335.968750
336.439583
336.677083
341.858333
342.206250
342.383333
342.862500
347.779167
347.816667
348.125000
348.308333
348.345833
348.770833
353.793750
353.822917
354.112500
354.147917
354.306250
354.333333
354.831250
359.958333
360.150000
360.177083
360.639583
360.670833
360.970833
361.004167
366.135417
366.352083
366.820833
367.179167
367.212500
371.950000
371.983333
372.143750
372.172917
372.670833
372.706250
373.002083
373.039583
378.004167
378.204167
378.231250
378.806250
379.031250
383.910417
384.114583
384.720833
384.762500
384.952083
389.862500
390.035417
390.727083
390.927083
395.864583
396.372917
396.412500
396.614583
396.887500
401.854167
401.883333
402.377083
402.641667
402.902083
407.914583
408.420833
408.683333
408.941667
413.866667
414.241667
414.637500
414.862500
419.766667
419.800000
420.137500
420.172917
420.527083
420.777083
425.837500
426.225000
426.597917
426.856250
431.833333
432.000000
432.458333
432.816667
437.754167
437.916667
437.937500
438.360417
438.685417
443.781250
443.943750
443.968750
444.435417
444.768750
449.785417
450.535417
450.700000
450.875000
455.693750
455.727083
456.370833
456.539583
456.716667
461.845833
462.547917
462.716667
462.904167
467.900000
467.935417
468.425000
468.712500
469.025000
473.822917
474.368750
474.641667
474.931250
474.972917
479.916667
479.947917
480.472917
480.722917
480.987500
485.766667
486.168750
486.366667
486.843750
491.756250
492.135417
492.341667
492.800000
497.670833
497.700000
498.058333
498.256250
498.627083
503.822917
504.333333
504.735417
504.902083
504.941667
509.785417
510.264583
510.304167
510.614583
510.793750
515.789583
515.825000
516.266667
516.631250
516.783333
521.718750
522.039583
522.352083
522.650000
527.720833
528.033333
528.331250
528.675000
533.766667
534.068750
534.379167
534.708333
539.781250
540.231250
540.475000
540.756250
545.727083
546.193750
546.456250
546.731250
551.754167
552.183333
552.433333
552.691667
557.727083
557.991667
558.493750
558.685417
563.808333
564.110417
564.647917
564.833333
569.945833
570.233333
570.787500
570.947917
570.991667
575.750000
575.916667
576.452083
577.060417
581.877083
582.031250
582.062500
582.568750
582.920833
587.939583
588.106250
588.650000
589.002083
