0.000000
0.684375
0.841667
1.000000
6.000000
6.684375
6.841667
7.000000
12.000000
12.684375
12.841667
13.000000
18.000000
18.158333
18.789583
19.000000
24.000000
24.158333
24.789583
25.000000
30.000000
30.158333
30.789583
31.000000
36.000000
36.263542
36.631250
37.000000
42.000000
42.263542
42.631250
43.000000
48.000000
48.263542
48.631250
49.000000
54.000000
54.527083
54.842708
55.000000
60.000000
60.527083
60.842708
61.000000
66.000000
66.527083
66.842708
67.000000
72.000000
72.263542
72.420833
73.000000
78.000000
78.263542
78.420833
79.000000
84.000000
84.263542
84.420833
85.000000
90.000000
90.210417
90.684375
91.000000
96.000000
96.210417
96.684375
97.000000
102.000000
102.210417
102.684375
103.000000
108.000000
108.158333
108.684375
109.000000
114.000000
114.158333
114.684375
115.000000
120.000000
120.158333
120.684375
121.000000
126.000000
126.420833
126.684375
127.000000
132.000000
132.420833
132.684375
133.000000
138.000000
138.420833
138.684375
139.000000
144.000000
144.473958
144.841667
145.000000
150.000000
150.473958
150.841667
151.000000
156.000000
156.473958
156.841667
157.000000
162.000000
162.315625
162.526042
163.000000
168.000000
168.315625
168.526042
169.000000
174.000000
174.315625
174.526042
175.000000
180.000000
180.263542
180.526042
181.000000
186.000000
186.263542
186.526042
187.000000
192.000000
192.263542
192.526042
193.000000
198.000000
198.210417
198.473958
199.000000
204.000000
204.210417
204.473958
205.000000
210.000000
210.210417
210.473958
211.000000
216.000000
216.473958
216.631250
217.000000
222.000000
222.473958
222.631250
223.000000
228.000000
228.473958
228.631250
229.000000
234.000000
234.210417
234.789583
235.000000
240.000000
240.210417
240.789583
241.000000
246.000000
246.210417
246.789583
247.000000
252.000000
252.473958
252.736458
253.000000
258.000000
258.473958
258.736458
259.000000
264.000000
264.473958
264.736458
265.000000
270.000000
270.263542
270.841667
271.000000
276.000000
276.263542
276.841667
277.000000
282.000000
282.263542
282.841667
283.000000
288.000000
288.420833
288.789583
289.000000
294.000000
294.420833
294.789583
295.000000
300.000000
300.420833
300.789583
301.000000
306.000000
306.315625
306.631250
307.000000
312.000000
312.315625
312.631250
313.000000
318.000000
318.315625
318.631250
319.000000
324.000000
324.579167
324.789583
325.000000
330.000000
330.579167
330.789583
331.000000
336.000000
336.579167
336.789583
337.000000
342.000000
342.368750
342.789583
343.000000
348.000000
348.368750
348.789583
349.000000
354.000000
354.368750
354.789583
355.000000
360.000000
360.210417
360.579167
361.000000
366.000000
366.210417
366.579167
367.000000
372.000000
372.210417
372.579167
373.000000
378.000000
378.158333
378.579167
379.000000
384.000000
384.158333
384.579167
385.000000
390.000000
390.158333
390.579167
391.000000
396.000000
396.368750
396.579167
397.000000
402.000000
402.368750
402.579167
403.000000
408.000000
408.368750
408.579167
409.000000
414.000000
414.632292
414.789583
415.000000
420.000000
420.632292
420.789583
421.000000
426.000000
426.632292
426.789583
427.000000
432.000000
432.527083
432.736458
433.000000
438.000000
438.527083
438.736458
439.000000
444.000000
444.527083
444.736458
445.000000
450.000000
450.158333
450.368750
451.000000
456.000000
456.158333
456.368750
457.000000
462.000000
462.158333
462.368750
463.000000
468.000000
468.263542
468.736458
469.000000
474.000000
474.263542
474.736458
475.000000
480.000000
480.263542
480.736458
481.000000
486.000000
486.158333
486.473958
487.000000
492.000000
492.158333
492.473958
493.000000
498.000000
498.158333
498.473958
499.000000
504.000000
504.315625
504.842708
505.000000
510.000000
510.315625
510.842708
511.000000
516.000000
516.315625
516.842708
517.000000
522.000000
522.315625
522.737500
523.000000
528.000000
528.315625
528.737500
529.000000
534.000000
534.315625
534.737500
535.000000
540.000000
540.368750
540.684375
541.000000
546.000000
546.368750
546.684375
547.000000
552.000000
552.368750
552.684375
553.000000
558.000000
558.210417
558.368750
559.000000
564.000000
564.210417
564.368750
565.000000
570.000000
570.210417
570.368750
571.000000
576.000000
576.420833
576.579167
577.000000
582.000000
582.420833
582.579167
583.000000
588.000000
588.420833
588.579167
589.000000
