0.000000
0.158333
0.368750
1.000000
6.000000
6.158333
6.368750
7.000000
12.000000
12.158333
12.368750
13.000000
18.000000
18.684375
18.841667
19.000000
24.000000
24.684375
24.841667
25.000000
30.000000
30.684375
30.841667
31.000000
36.000000
36.263542
36.420833
37.000000
42.000000
42.263542
42.420833
43.000000
48.000000
48.263542
48.420833
49.000000
54.000000
54.473958
54.631250
55.000000
60.000000
60.473958
60.631250
61.000000
66.000000
66.473958
66.631250
67.000000
72.000000
72.420833
72.789583
73.000000
78.000000
78.420833
78.789583
79.000000
84.000000
84.420833
84.789583
85.000000
90.000000
90.158333
90.579167
91.000000
96.000000
96.158333
96.579167
97.000000
102.000000
102.158333
102.579167
103.000000
108.000000
108.210417
108.684375
109.000000
114.000000
114.210417
114.684375
115.000000
120.000000
120.210417
120.684375
121.000000
126.000000
126.263542
126.631250
127.000000
132.000000
132.263542
132.631250
133.000000
138.000000
138.263542
138.631250
139.000000
144.000000
144.210417
144.789583
145.000000
150.000000
150.210417
150.789583
151.000000
156.000000
156.210417
156.789583
157.000000
162.000000
162.420833
162.579167
163.000000
168.000000
168.420833
168.579167
169.000000
174.000000
174.420833
174.579167
175.000000
180.000000
180.473958
180.841667
181.000000
186.000000
186.473958
186.841667
187.000000
192.000000
192.473958
192.841667
193.000000
198.000000
198.368750
198.684375
199.000000
204.000000
204.368750
204.684375
205.000000
210.000000
210.368750
210.684375
211.000000
216.000000
216.263542
216.526042
217.000000
222.000000
222.263542
222.526042
223.000000
228.000000
228.263542
228.526042
229.000000
234.000000
234.315625
234.737500
235.000000
240.000000
240.315625
240.737500
241.000000
246.000000
246.315625
246.737500
247.000000
252.000000
252.158333
252.789583
253.000000
258.000000
258.158333
258.789583
259.000000
264.000000
264.158333
264.789583
265.000000
270.000000
270.527083
270.842708
271.000000
276.000000
276.527083
276.842708
277.000000
282.000000
282.527083
282.842708
283.000000
288.000000
288.263542
288.736458
289.000000
294.000000
294.263542
294.736458
295.000000
300.000000
300.263542
300.736458
301.000000
306.000000
306.210417
306.473958
307.000000
312.000000
312.210417
312.473958
313.000000
318.000000
318.210417
318.473958
319.000000
324.000000
324.579167
324.789583
325.000000
330.000000
330.579167
330.789583
331.000000
336.000000
336.579167
336.789583
337.000000
342.000000
342.368750
342.579167
343.000000
348.000000
348.368750
348.579167
349.000000
354.000000
354.368750
354.579167
355.000000
360.000000
360.315625
360.631250
361.000000
366.000000
366.315625
366.631250
367.000000
372.000000
372.315625
372.631250
373.000000
378.000000
378.315625
378.526042
379.000000
384.000000
384.315625
384.526042
385.000000
390.000000
390.315625
390.526042
391.000000
396.000000
396.527083
396.736458
397.000000
402.000000
402.527083
402.736458
403.000000
408.000000
408.527083
408.736458
409.000000
414.000000
414.210417
414.368750
415.000000
420.000000
420.210417
420.368750
421.000000
426.000000
426.210417
426.368750
427.000000
432.000000
432.420833
432.684375
433.000000
438.000000
438.420833
438.684375
439.000000
444.000000
444.420833
444.684375
445.000000
450.000000
450.473958
450.736458
451.000000
456.000000
456.473958
456.736458
457.000000
462.000000
462.473958
462.736458
463.000000
468.000000
468.368750
468.789583
469.000000
474.000000
474.368750
474.789583
475.000000
480.000000
480.368750
480.789583
481.000000
486.000000
486.632292
486.789583
487.000000
492.000000
492.632292
492.789583
493.000000
498.000000
498.632292
498.789583
499.000000
504.000000
504.315625
504.842708
505.000000
510.000000
510.315625
510.842708
511.000000
516.000000
516.315625
516.842708
517.000000
522.000000
522.158333
522.684375
523.000000
528.000000
528.158333
528.684375
529.000000
534.000000
534.158333
534.684375
535.000000
540.000000
540.158333
540.473958
541.000000
546.000000
546.158333
546.473958
547.000000
552.000000
552.158333
552.473958
553.000000
558.000000
558.210417
558.579167
559.000000
564.000000
564.210417
564.579167
565.000000
570.000000
570.210417
570.579167
571.000000
576.000000
576.263542
576.841667
577.000000
582.000000
582.263542
582.841667
583.000000
588.000000
588.263542
588.841667
589.000000
