0.000000
0.527083
0.736458
1.000000
6.000000
6.527083
6.736458
7.000000
12.000000
12.527083
12.736458
13.000000
18.000000
18.420833
18.684375
19.000000
24.000000
24.420833
24.684375
25.000000
30.000000
30.420833
30.684375
31.000000
36.000000
36.473958
36.841667
37.000000
42.000000
42.473958
42.841667
43.000000
48.000000
48.473958
48.841667
49.000000
54.000000
54.315625
54.526042
55.000000
60.000000
60.315625
60.526042
61.000000
66.000000
66.315625
66.526042
67.000000
72.000000
72.158333
72.368750
73.000000
78.000000
78.158333
78.368750
79.000000
84.000000
84.158333
84.368750
85.000000
90.000000
90.473958
90.631250
91.000000
96.000000
96.473958
96.631250
97.000000
102.000000
102.473958
102.631250
103.000000
108.000000
108.315625
108.737500
109.000000
114.000000
114.315625
114.737500
115.000000
120.000000
120.315625
120.737500
121.000000
126.000000
126.263542
126.526042
127.000000
132.000000
132.263542
132.526042
133.000000
138.000000
138.263542
138.526042
139.000000
144.000000
144.158333
144.684375
145.000000
150.000000
150.158333
150.684375
151.000000
156.000000
156.158333
156.684375
157.000000
162.000000
162.210417
162.789583
163.000000
168.000000
168.210417
168.789583
169.000000
174.000000
174.210417
174.789583
175.000000
180.000000
180.210417
180.368750
181.000000
186.000000
186.210417
186.368750
187.000000
192.000000
192.210417
192.368750
193.000000
198.000000
198.579167
198.789583
199.000000
204.000000
204.579167
204.789583
205.000000
210.000000
210.579167
210.789583
211.000000
216.000000
216.315625
216.631250
217.000000
222.000000
222.315625
222.631250
223.000000
228.000000
228.315625
228.631250
229.000000
234.000000
234.368750
234.789583
235.000000
240.000000
240.368750
240.789583
241.000000
246.000000
246.368750
246.789583
247.000000
252.000000
252.527083
252.842708
253.000000
258.000000
258.527083
258.842708
259.000000
264.000000
264.527083
264.842708
265.000000
270.000000
270.158333
270.789583
271.000000
276.000000
276.158333
276.789583
277.000000
282.000000
282.158333
282.789583
283.000000
288.000000
288.158333
288.473958
289.000000
294.000000
294.158333
294.473958
295.000000
300.000000
300.158333
300.473958
301.000000
306.000000
306.263542
306.631250
307.000000
312.000000
312.263542
312.631250
313.000000
318.000000
318.263542
318.631250
319.000000
324.000000
324.210417
324.684375
325.000000
330.000000
330.210417
330.684375
331.000000
336.000000
336.210417
336.684375
337.000000
342.000000
342.263542
342.736458
343.000000
348.000000
348.263542
348.736458
349.000000
354.000000
354.263542
354.736458
355.000000
360.000000
360.263542
360.841667
361.000000
366.000000
366.263542
366.841667
367.000000
372.000000
372.263542
372.841667
373.000000
378.000000
378.315625
378.842708
379.000000
384.000000
384.315625
384.842708
385.000000
390.000000
390.315625
390.842708
391.000000
396.000000
396.420833
396.789583
397.000000
402.000000
402.420833
402.789583
403.000000
408.000000
408.420833
408.789583
409.000000
414.000000
414.210417
414.473958
415.000000
420.000000
420.210417
420.473958
421.000000
426.000000
426.210417
426.473958
427.000000
432.000000
432.632292
432.789583
433.000000
438.000000
438.632292
438.789583
439.000000
444.000000
444.632292
444.789583
445.000000
450.000000
450.368750
450.579167
451.000000
456.000000
456.368750
456.579167
457.000000
462.000000
462.368750
462.579167
463.000000
468.000000
468.473958
468.736458
469.000000
474.000000
474.473958
474.736458
475.000000
480.000000
480.473958
480.736458
481.000000
486.000000
486.263542
486.420833
487.000000
492.000000
492.263542
492.420833
493.000000
498.000000
498.263542
498.420833
499.000000
504.000000
504.210417
504.579167
505.000000
510.000000
510.210417
510.579167
511.000000
516.000000
516.210417
516.579167
517.000000
522.000000
522.420833
522.579167
523.000000
528.000000
528.420833
528.579167
529.000000
534.000000
534.420833
534.579167
535.000000
540.000000
540.684375
540.841667
541.000000
546.000000
546.684375
546.841667
547.000000
552.000000
552.684375
552.841667
553.000000
558.000000
558.158333
558.579167
559.000000
564.000000
564.158333
564.579167
565.000000
570.000000
570.158333
570.579167
571.000000
576.000000
576.368750
576.684375
577.000000
582.000000
582.368750
582.684375
583.000000
588.000000
588.368750
588.684375
589.000000
