0.000000
0.158333
0.789583
1.000000
6.000000
6.158333
6.789583
7.000000
12.000000
12.158333
12.789583
13.000000
18.000000
18.420833
18.684375
19.000000
24.000000
24.420833
24.684375
25.000000
30.000000
30.420833
30.684375
31.000000
36.000000
36.579167
36.789583
37.000000
42.000000
42.579167
42.789583
43.000000
48.000000
48.579167
48.789583
49.000000
54.000000
54.263542
54.841667
55.000000
60.000000
60.263542
60.841667
61.000000
66.000000
66.263542
66.841667
67.000000
72.000000
72.632292
72.789583
73.000000
78.000000
78.632292
78.789583
79.000000
84.000000
84.632292
84.789583
85.000000
90.000000
90.315625
90.842708
91.000000
96.000000
96.315625
96.842708
97.000000
102.000000
102.315625
102.842708
103.000000
108.000000
108.368750
108.684375
109.000000
114.000000
114.368750
114.684375
115.000000
120.000000
120.368750
120.684375
121.000000
126.000000
126.210417
126.473958
127.000000
132.000000
132.210417
132.473958
133.000000
138.000000
138.210417
138.473958
139.000000
144.000000
144.158333
144.579167
145.000000
150.000000
150.158333
150.579167
151.000000
156.000000
156.158333
156.579167
157.000000
162.000000
162.315625
162.526042
163.000000
168.000000
168.315625
168.526042
169.000000
174.000000
174.315625
174.526042
175.000000
180.000000
180.368750
180.579167
181.000000
186.000000
186.368750
186.579167
187.000000
192.000000
192.368750
192.579167
193.000000
198.000000
198.684375
198.841667
199.000000
204.000000
204.684375
204.841667
205.000000
210.000000
210.684375
210.841667
211.000000
216.000000
216.420833
216.579167
217.000000
222.000000
222.420833
222.579167
223.000000
228.000000
228.420833
228.579167
229.000000
234.000000
234.315625
234.737500
235.000000
240.000000
240.315625
240.737500
241.000000
246.000000
246.315625
246.737500
247.000000
252.000000
252.263542
252.736458
253.000000
258.000000
258.263542
258.736458
259.000000
264.000000
264.263542
264.736458
265.000000
270.000000
270.158333
270.684375
271.000000
276.000000
276.158333
276.684375
277.000000
282.000000
282.158333
282.684375
283.000000
288.000000
288.368750
288.789583
289.000000
294.000000
294.368750
294.789583
295.000000
300.000000
300.368750
300.789583
301.000000
306.000000
306.473958
306.631250
307.000000
312.000000
312.473958
312.631250
313.000000
318.000000
318.473958
318.631250
319.000000
324.000000
324.473958
324.736458
325.000000
330.000000
330.473958
330.736458
331.000000
336.000000
336.473958
336.736458
337.000000
342.000000
342.527083
342.736458
343.000000
348.000000
348.527083
348.736458
349.000000
354.000000
354.527083
354.736458
355.000000
360.000000
360.263542
360.631250
361.000000
366.000000
366.263542
366.631250
367.000000
372.000000
372.263542
372.631250
373.000000
378.000000
378.263542
378.420833
379.000000
384.000000
384.263542
384.420833
385.000000
390.000000
390.263542
390.420833
391.000000
396.000000
396.263542
396.526042
397.000000
402.000000
402.263542
402.526042
403.000000
408.000000
408.263542
408.526042
409.000000
414.000000
414.210417
414.368750
415.000000
420.000000
420.210417
420.368750
421.000000
426.000000
426.210417
426.368750
427.000000
432.000000
432.473958
432.841667
433.000000
438.000000
438.473958
438.841667
439.000000
444.000000
444.473958
444.841667
445.000000
450.000000
450.315625
450.631250
451.000000
456.000000
456.315625
456.631250
457.000000
462.000000
462.315625
462.631250
463.000000
468.000000
468.158333
468.368750
469.000000
474.000000
474.158333
474.368750
475.000000
480.000000
480.158333
480.368750
481.000000
486.000000
486.420833
486.789583
487.000000
492.000000
492.420833
492.789583
493.000000
498.000000
498.420833
498.789583
499.000000
504.000000
504.210417
504.684375
505.000000
510.000000
510.210417
510.684375
511.000000
516.000000
516.210417
516.684375
517.000000
522.000000
522.210417
522.579167
523.000000
528.000000
528.210417
528.579167
529.000000
534.000000
534.210417
534.579167
535.000000
540.000000
540.158333
540.473958
541.000000
546.000000
546.158333
546.473958
547.000000
552.000000
552.158333
552.473958
553.000000
558.000000
558.210417
558.789583
559.000000
564.000000
564.210417
564.789583
565.000000
570.000000
570.210417
570.789583
571.000000
576.000000
576.527083
576.842708
577.000000
582.000000
582.527083
582.842708
583.000000
588.000000
588.527083
588.842708
589.000000
